63 255 127 255 255 255 255 255 255 255 127 63 127 127 255 63 255 255 255 0 255 255 255 255 255 255 127 255 127 255 127 255 255 255 255 127 127 255 255 255 255 255 255 255 127 127 255 255 255 255 255 255 255 127 127 255 127 127 255 63 255 127 127 0 127 255 63 31 255 127 255 255 0 127 63 255 127 255 255 127 255 255 255 255 255 127 255 127 255 15 63 63 127 255 255 255 127 255 255 255 255 255 255 255 255 127 255 255 255 255 255 255 255 63 0 255 255 255 255 127 255 255 63 127 127 255 255 255 255 255 255 255 127 255 0 127 255 255 127 255 127 255 255 255 255 255 255 255 127 127 
255 127 255 255 255 255 255 255 255 255 255 255 255 255 255 255 127 255 127 255 255 255 255 255 255 127 255 255 255 255 255 127 255 127 127 255 255 255 255 255 255 255 127 255 255 255 255 255 255 255 255 127 255 255 255 255 255 255 255 255 127 255 255 255 255 255 255 127 255 127 255 255 255 255 255 255 255 63 127 63 127 255 255 255 255 255 255 255 255 127 255 255 255 127 127 127 255 255 255 255 127 255 63 127 127 255 255 255 127 255 255 255 255 255 255 255 255 255 255 255 127 127 255 127 127 127 255 255 63 255 127 255 255 255 255 255 127 127 255 127 255 127 255 63 255 255 255 127 255 255 
255 255 255 255 127 255 127 255 255 255 255 255 255 127 255 255 255 255 255 255 255 255 255 255 255 255 255 255 255 255 127 255 255 255 255 255 255 127 255 127 127 255 255 255 255 255 255 255 127 255 127 255 255 255 255 255 127 127 127 255 255 127 255 255 255 63 127 255 255 255 255 255 255 255 31 31 255 255 255 127 255 63 255 127 127 255 255 255 255 255 255 127 127 255 255 255 127 127 255 255 127 255 255 127 255 255 127 255 255 127 255 255 255 127 255 255 255 255 127 255 255 255 127 255 255 255 127 127 255 255 255 255 255 255 255 127 255 255 255 255 255 255 127 255 127 255 255 255 255 255 
255 255 255 255 255 255 255 127 127 255 255 127 255 255 255 255 255 255 255 255 255 255 255 255 255 127 255 255 127 255 255 255 255 255 255 255 255 127 255 255 255 255 255 255 255 127 255 255 255 255 255 255 255 63 255 255 255 255 255 255 255 255 127 255 127 255 127 255 63 255 127 127 255 127 255 127 255 255 255 255 127 255 127 127 255 255 127 255 255 127 255 63 255 255 255 255 255 255 127 255 127 255 255 255 255 255 127 127 255 255 255 255 255 255 255 127 255 255 255 255 255 255 255 255 127 127 255 255 255 255 63 255 255 127 127 255 127 255 255 255 255 255 127 255 255 127 255 255 255 255 
127 255 255 255 255 255 255 255 255 255 127 255 127 255 255 255 255 127 255 127 255 255 255 255 255 255 255 255 255 255 255 255 255 255 255 127 127 255 255 255 255 255 255 127 127 127 255 255 255 255 255 255 255 255 255 127 63 127 255 255 255 127 255 255 255 255 255 127 255 127 127 127 255 255 255 255 127 255 127 31 255 255 255 255 255 255 255 63 255 127 255 255 31 255 255 255 255 127 255 255 127 255 127 127 0 127 255 0 127 255 255 127 255 127 255 255 255 127 127 255 127 127 127 63 255 127 255 255 255 255 255 127 255 127 127 255 255 255 127 255 63 255 255 255 255 255 255 127 255 127 
255 127 255 255 255 255 255 255 255 255 255 255 255 255 255 255 127 255 255 255 255 255 255 127 127 127 255 255 255 127 255 127 255 127 127 255 255 255 255 255 255 255 127 255 255 255 255 255 255 127 127 63 255 255 255 255 255 255 255 127 127 127 127 255 127 255 255 127 255 255 255 255 255 255 127 127 255 127 63 255 255 127 255 127 127 255 255 255 255 255 255 127 255 127 255 255 255 255 255 255 0 127 127 127 255 255 255 127 255 255 127 127 127 127 255 255 255 255 255 127 127 31 127 255 255 255 255 255 127 255 255 255 255 255 255 255 63 127 255 255 255 255 255 255 255 127 255 255 255 255 
255 255 255 255 127 127 255 255 255 255 255 255 255 255 255 255 255 127 255 255 255 255 255 255 255 255 255 255 255 255 255 255 255 255 255 255 255 255 255 127 255 255 255 255 255 255 127 255 127 255 255 255 255 255 255 255 127 127 255 255 255 255 255 255 255 63 63 255 255 255 255 255 255 127 127 255 255 255 63 127 127 255 255 127 255 255 255 255 15 127 127 127 127 255 255 255 255 255 255 127 127 255 255 255 255 255 255 255 255 63 255 255 255 255 255 255 127 127 127 255 255 255 63 127 255 127 255 127 255 255 255 255 255 127 127 255 255 127 127 255 127 255 255 255 127 255 255 255 255 255 
255 127 255 255 127 255 255 255 255 255 255 255 255 255 255 255 255 255 255 255 255 127 255 127 255 255 255 127 255 255 255 255 255 255 255 127 255 255 255 255 255 255 255 127 255 127 255 255 255 255 127 255 255 63 255 127 255 255 255 255 255 255 127 255 255 255 63 255 255 127 255 127 127 255 255 255 127 255 255 255 127 255 63 255 127 255 255 255 255 127 255 255 255 255 255 255 127 127 255 255 255 127 15 255 255 255 127 255 255 255 127 63 127 255 255 255 255 255 255 127 255 255 255 127 255 255 127 255 255 255 255 255 127 127 255 255 255 255 255 255 255 255 127 255 255 255 255 127 255 255 
127 255 255 255 255 255 255 127 255 255 255 255 255 255 255 255 255 255 255 255 255 127 255 255 255 127 127 255 255 255 127 255 255 255 255 255 255 255 255 255 255 127 255 127 127 255 255 255 255 255 255 127 127 127 63 255 255 127 255 255 255 127 255 255 255 127 127 255 255 127 255 255 63 255 255 255 255 127 127 255 255 255 127 255 127 255 255 127 255 255 0 255 255 255 127 255 255 255 0 255 127 255 127 127 255 127 255 255 255 255 255 255 127 127 127 255 255 255 127 255 255 255 127 255 255 255 255 255 0 127 255 63 255 127 255 255 255 255 127 255 255 255 255 255 255 255 255 255 255 127 
255 255 255 255 255 255 255 255 255 255 255 255 255 127 255 255 255 255 255 255 255 255 127 127 255 255 255 127 255 255 255 255 255 127 127 127 255 255 255 255 127 127 127 255 63 255 255 255 255 127 127 255 255 255 255 255 127 255 127 127 127 255 255 255 255 127 255 63 255 255 255 255 255 127 127 63 255 127 255 255 255 255 255 127 255 255 255 127 255 255 255 63 127 63 255 255 127 255 255 127 63 127 255 255 255 255 255 255 255 255 127 127 255 255 255 255 255 127 255 63 127 63 255 255 255 255 255 127 127 255 255 255 255 255 127 127 255 127 255 255 255 255 255 255 255 127 127 255 255 255 
255 255 127 255 127 255 255 255 255 255 255 127 255 255 255 255 255 255 255 255 127 255 255 255 255 255 255 255 255 255 255 255 255 255 255 255 255 127 255 127 255 255 255 255 255 255 127 127 127 255 255 255 255 255 255 63 255 255 255 255 127 255 127 63 255 127 255 255 127 255 255 255 127 127 127 255 255 255 63 255 255 127 255 127 127 255 255 127 255 255 127 255 255 255 255 255 127 255 63 127 255 127 255 127 255 255 255 63 127 127 255 255 255 255 255 255 127 127 255 255 255 255 255 255 127 127 127 255 127 7 255 255 255 255 255 255 255 255 255 255 255 255 255 127 255 255 255 255 255 255 
255 127 255 255 255 255 255 255 255 127 127 255 255 255 255 255 255 255 255 255 127 255 255 255 255 255 127 255 255 255 255 255 255 127 255 255 127 255 255 255 127 255 255 255 255 127 255 255 127 255 127 255 127 255 127 255 255 255 127 255 255 127 255 127 255 255 127 255 255 255 255 127 255 255 255 255 255 255 63 255 255 255 31 255 63 255 255 15 255 127 255 255 127 255 255 255 255 127 255 255 255 31 255 255 127 255 255 255 255 255 127 255 63 127 127 255 255 255 255 255 255 255 255 127 127 127 255 63 255 127 255 255 255 255 255 255 255 255 255 255 255 255 255 127 255 127 255 255 255 255 
127 255 255 255 255 255 127 255 127 255 255 255 127 255 255 127 255 127 255 255 255 255 127 255 255 127 255 255 255 255 255 255 255 255 127 255 255 255 255 255 255 255 255 127 31 255 255 255 31 255 255 255 63 255 127 127 255 255 255 127 255 255 255 255 255 255 255 255 127 0 63 255 31 255 255 255 255 255 127 255 127 255 255 127 255 255 255 255 255 255 255 255 127 255 127 255 255 255 7 255 127 255 127 127 255 255 255 255 255 255 255 255 63 63 63 127 63 255 255 255 255 255 255 255 255 255 255 255 255 255 127 127 255 255 255 255 255 255 255 255 255 255 255 255 127 255 255 127 255 255 
255 255 255 255 255 255 255 255 255 127 255 255 255 255 255 255 255 255 255 255 255 255 255 255 255 255 255 255 255 255 127 127 127 255 255 255 255 255 255 255 127 63 255 255 255 127 255 255 255 63 255 255 255 127 255 255 255 127 63 255 127 255 255 255 255 63 127 63 255 255 255 255 127 63 127 63 255 255 255 255 255 255 127 127 127 255 255 127 0 127 255 127 255 31 255 255 255 255 255 127 127 63 255 255 255 255 255 255 127 255 127 127 255 255 255 255 255 127 255 63 255 127 255 255 255 255 255 255 255 255 255 255 255 255 255 255 127 255 255 255 255 127 255 255 127 255 255 255 255 255 
127 255 127 255 255 255 255 255 255 255 255 127 255 255 255 255 255 255 255 255 127 127 255 255 255 255 255 255 255 255 127 127 255 255 255 255 255 127 127 255 255 255 127 127 255 255 255 127 255 255 255 255 255 127 255 127 127 255 127 255 255 255 255 127 127 63 3 255 255 255 31 255 127 255 31 255 255 255 15 255 127 127 255 127 255 255 255 255 255 63 255 127 63 255 255 255 31 127 127 127 127 127 255 31 255 255 255 63 255 255 255 255 255 255 255 127 0 255 255 255 255 127 63 127 255 127 127 255 255 255 127 255 127 255 255 255 255 255 127 255 255 255 255 255 255 255 255 255 255 255 
255 127 255 255 255 255 255 255 127 127 255 255 255 255 255 255 127 127 255 255 255 255 255 255 255 255 255 127 255 255 255 255 255 255 127 255 255 255 127 255 255 255 255 63 255 127 255 127 255 255 255 255 127 255 255 255 255 255 31 255 127 127 127 127 255 255 255 255 255 63 255 127 255 255 255 31 63 31 127 255 255 255 127 255 255 255 63 127 255 255 127 255 127 127 63 63 127 255 255 31 255 255 255 255 127 255 255 31 255 255 127 255 127 127 255 255 255 255 255 255 255 255 255 127 255 127 255 255 255 255 255 127 255 255 255 255 255 255 255 255 255 127 255 255 255 255 255 255 255 127 
255 255 255 255 255 255 127 255 255 255 255 255 255 255 255 255 255 255 255 255 255 127 255 127 255 255 255 255 255 255 255 255 255 255 255 255 127 255 255 255 255 255 127 255 255 255 127 255 255 255 255 127 63 255 127 255 255 255 127 255 255 255 255 255 63 63 127 127 255 255 255 255 255 255 255 127 255 127 255 63 255 255 127 127 127 255 255 255 255 255 255 255 255 255 255 255 127 127 63 255 255 255 127 127 255 255 255 31 255 255 255 255 63 255 255 255 255 255 255 255 127 255 255 255 127 255 255 255 255 255 127 255 255 255 255 255 255 255 255 255 255 255 255 255 255 127 127 255 255 255 
255 255 255 127 255 255 127 255 255 255 127 255 255 255 127 255 255 255 255 255 255 255 255 255 255 127 255 255 255 255 255 127 63 255 255 255 255 255 255 63 63 255 255 255 255 255 255 127 127 255 255 127 63 255 255 127 255 127 255 127 255 255 255 255 127 127 127 31 255 255 127 255 255 127 127 31 127 15 255 255 127 127 127 127 255 255 63 255 255 255 127 127 255 15 255 255 255 255 255 63 127 255 255 255 255 255 255 255 127 63 255 255 255 255 255 255 127 127 127 255 255 255 255 255 255 255 127 127 255 255 255 255 255 255 127 255 255 127 255 255 255 255 255 127 255 255 127 255 255 255 
255 127 127 255 255 255 255 255 255 255 255 255 255 255 255 255 255 255 255 255 255 255 255 255 255 255 127 255 127 127 255 255 255 255 255 63 255 127 255 255 127 127 255 127 127 255 31 255 255 255 255 255 255 127 127 127 255 255 255 255 127 255 127 127 255 63 255 255 255 255 255 255 255 63 63 255 255 255 255 127 255 127 127 255 255 255 127 127 63 63 255 255 127 255 255 255 255 31 127 255 255 255 127 255 255 127 127 127 255 127 255 255 255 255 63 255 127 255 255 255 255 127 255 127 255 255 127 255 255 255 255 255 255 255 255 127 255 255 255 255 255 255 255 255 255 255 255 127 255 255 
255 255 255 255 255 255 255 127 255 255 255 255 255 255 255 255 127 127 255 255 255 255 255 127 255 127 255 255 255 255 255 255 255 255 127 255 255 255 255 255 31 255 255 63 127 127 255 255 255 255 255 127 127 255 255 255 255 255 127 255 127 127 255 255 127 255 255 255 255 0 127 255 127 255 63 255 127 31 255 255 255 255 127 255 255 255 127 255 255 255 255 127 255 255 127 127 255 127 255 255 127 255 255 0 127 255 255 255 127 255 127 255 127 127 255 255 255 255 255 255 255 255 255 127 0 127 255 255 255 255 127 255 255 255 255 255 255 127 255 127 255 255 255 255 255 255 127 127 127 255 
255 255 255 255 255 127 255 255 255 255 255 255 255 255 255 255 255 255 255 255 255 255 255 255 127 255 255 255 255 255 127 63 255 127 255 127 255 31 255 255 255 127 255 255 255 255 255 255 255 127 255 255 255 255 255 255 255 31 255 255 255 31 127 255 255 63 255 255 255 255 255 255 255 31 127 127 255 127 255 63 255 255 255 127 255 127 255 255 255 255 255 127 255 255 255 127 255 255 31 255 127 127 255 255 255 255 255 255 255 127 255 63 255 255 255 255 255 255 127 255 255 255 127 255 127 255 255 127 255 255 255 255 255 255 255 255 127 255 255 255 255 127 255 255 255 127 127 255 255 255 
255 255 255 255 255 255 127 255 255 255 255 255 255 255 255 255 255 255 255 255 255 127 255 255 255 255 63 255 255 127 127 255 255 255 255 127 255 255 127 127 255 255 255 255 127 63 255 31 255 63 255 255 255 127 127 255 127 255 63 255 255 255 255 255 255 63 255 63 255 255 255 255 127 3 255 31 255 255 127 255 255 255 127 127 255 255 63 127 255 127 127 127 255 255 255 255 255 127 63 127 127 255 255 255 255 255 255 127 127 255 255 31 255 255 255 255 255 255 255 255 255 255 255 255 255 127 255 255 255 255 255 255 255 255 255 255 255 255 255 255 255 255 255 255 255 255 127 255 255 255 
255 255 127 255 255 255 255 255 255 255 255 255 255 255 255 255 255 255 127 127 255 255 255 255 255 255 127 127 127 255 255 255 255 255 255 63 255 127 255 255 255 255 255 255 127 255 255 255 255 255 255 255 255 63 255 127 255 127 255 127 255 127 255 127 255 255 255 255 255 255 127 255 255 63 255 127 255 127 255 63 255 255 255 255 127 255 63 63 63 255 255 255 255 255 255 127 127 15 255 63 127 255 127 127 255 63 255 127 255 255 255 255 255 127 255 127 127 255 255 255 127 255 127 255 255 255 255 255 127 255 255 255 255 255 255 255 255 255 255 127 255 255 255 255 255 127 255 127 255 255 
255 255 255 255 255 255 255 127 255 255 127 255 255 255 255 255 127 127 255 255 255 255 255 255 255 127 255 255 127 127 127 255 255 255 127 127 255 255 127 255 255 63 127 127 255 127 255 255 255 255 255 127 127 255 255 255 255 255 255 127 255 255 255 255 255 255 255 127 127 127 255 255 255 127 255 31 127 127 255 255 255 255 255 255 255 127 0 0 255 127 127 255 31 0 127 127 255 255 255 255 255 255 127 255 127 255 255 255 255 255 255 255 255 255 255 255 255 255 127 127 255 127 255 255 255 255 255 255 255 255 127 255 255 255 255 255 255 127 255 255 255 255 255 255 255 127 255 255 255 255 
127 255 127 255 127 255 127 255 255 255 255 255 255 255 127 255 255 255 255 255 255 255 255 127 255 255 255 255 255 255 127 255 255 127 255 255 255 255 255 127 255 255 255 255 255 127 63 255 255 127 255 63 127 255 255 127 127 255 255 255 255 255 63 127 255 127 255 255 255 255 255 255 127 15 127 127 255 31 127 63 255 255 127 255 127 255 255 255 31 255 63 127 63 127 255 255 255 63 255 255 127 255 255 255 255 255 255 255 255 255 255 255 255 255 255 255 255 255 127 255 127 255 255 127 255 255 255 127 255 255 255 255 255 255 127 255 127 255 127 255 255 255 255 255 127 255 255 255 255 255 
255 255 255 127 255 255 127 127 255 255 255 255 255 255 255 255 255 255 127 255 255 127 255 255 255 255 255 255 255 127 255 255 255 127 255 127 127 255 255 255 63 255 255 255 255 255 255 127 255 255 255 255 127 255 255 127 255 255 255 127 255 255 255 255 255 63 255 63 255 255 255 127 0 31 255 255 15 127 63 127 255 63 255 255 255 31 255 255 255 31 127 255 127 31 127 255 127 255 63 127 255 255 255 255 255 255 255 255 255 127 255 255 255 255 255 255 127 255 255 255 255 255 255 255 127 127 255 255 255 255 255 255 255 255 255 255 255 255 255 255 255 255 255 255 255 255 255 255 255 255 
127 255 255 255 255 255 255 127 255 127 255 255 255 255 255 255 255 127 127 255 255 127 255 255 255 127 127 63 255 255 255 255 255 255 255 127 127 127 255 127 255 255 255 127 255 255 255 255 255 255 255 63 127 63 127 0 255 255 255 255 255 127 127 255 255 255 255 255 63 3 127 255 255 31 127 255 255 127 127 63 255 63 255 127 255 127 127 127 15 255 255 0 255 127 255 127 127 63 255 127 255 255 127 255 255 255 127 255 255 255 127 255 255 255 255 255 255 255 255 255 255 255 127 255 255 255 255 127 255 255 255 255 255 255 255 255 255 255 255 255 127 255 255 255 255 255 127 255 255 127 
255 127 255 255 255 255 255 127 255 255 255 255 255 255 255 127 127 255 255 255 255 255 127 127 127 31 255 255 255 63 255 255 127 127 255 255 255 255 127 63 255 63 127 127 255 255 127 255 255 127 255 127 255 255 127 127 63 127 255 255 255 255 255 255 255 255 255 127 127 0 31 255 63 255 15 127 7 255 255 127 255 127 255 0 0 63 255 127 255 255 255 255 255 127 127 255 255 255 255 255 15 127 255 127 255 255 255 255 255 255 255 127 255 255 255 255 255 255 255 255 255 127 255 127 255 255 255 255 127 255 255 255 255 255 255 127 255 255 127 255 255 255 255 255 255 255 255 255 255 255 
255 255 255 255 127 255 255 255 255 127 255 255 255 127 255 255 63 255 255 255 255 127 127 255 255 255 255 63 255 63 255 127 255 255 255 255 255 255 255 127 255 255 127 255 63 127 63 127 255 255 127 255 255 127 255 127 127 127 127 255 127 255 31 255 127 255 255 255 0 127 31 255 255 63 255 127 255 63 255 255 255 255 0 127 255 255 63 63 255 127 63 127 255 255 255 255 255 255 127 127 255 255 255 255 255 255 127 255 255 255 255 255 127 255 255 255 127 255 127 255 127 255 255 255 255 255 127 255 255 255 255 255 255 255 127 255 127 255 255 255 255 255 255 255 127 255 255 255 255 255 
255 255 127 127 127 255 255 255 255 255 255 255 255 255 255 127 255 127 255 127 255 255 255 255 255 255 255 255 127 127 255 255 255 255 255 255 255 127 255 127 255 255 255 255 255 255 255 255 127 255 127 255 255 127 255 255 31 255 127 255 255 127 255 63 255 15 255 127 255 255 255 127 127 255 255 127 255 255 255 127 255 127 255 255 31 255 15 255 127 127 255 127 255 63 255 255 127 255 127 127 255 255 255 255 255 255 255 255 127 255 127 255 127 255 255 127 255 255 255 255 255 255 255 255 127 255 255 255 255 255 255 255 255 127 255 255 255 255 255 255 255 255 255 255 255 255 255 255 255 127 
127 255 255 255 255 255 255 255 127 63 127 255 255 255 255 255 127 127 127 127 255 127 255 255 255 127 127 31 255 255 255 127 255 127 255 63 255 255 255 255 255 255 255 255 255 255 255 255 255 255 127 31 255 127 255 31 255 255 255 31 255 127 255 255 255 255 255 255 31 127 255 63 31 127 255 127 255 63 255 255 255 255 127 255 127 255 127 127 255 255 255 255 127 255 127 127 63 255 255 255 127 255 255 255 255 255 255 255 255 255 255 255 255 127 127 255 255 255 255 255 255 255 127 255 255 255 255 255 255 127 127 255 255 255 255 255 255 255 127 255 255 255 255 255 255 255 127 127 255 255 
255 255 255 255 255 127 127 255 255 255 127 255 255 255 127 127 255 255 255 255 255 255 255 63 255 255 255 255 255 255 255 127 127 255 255 255 255 255 127 63 0 63 255 255 255 255 255 127 127 127 127 255 255 255 255 255 63 127 255 127 255 255 255 255 127 255 255 127 255 255 127 255 31 255 127 127 127 255 255 255 15 255 127 127 31 127 127 255 127 127 255 255 127 127 255 255 255 255 255 255 255 255 127 255 127 255 255 255 255 255 127 255 255 255 255 255 255 255 127 127 255 255 255 255 255 255 127 255 255 127 255 255 255 255 255 127 255 127 255 255 255 255 255 255 127 255 255 255 255 255 
255 255 255 255 255 255 255 255 255 255 255 63 127 127 255 255 255 255 255 255 127 255 127 255 255 255 127 127 255 63 255 255 255 255 255 255 127 127 127 255 255 127 63 127 63 255 255 255 255 31 255 255 255 127 255 127 127 255 127 31 127 255 255 63 127 127 255 255 255 127 255 255 127 63 127 255 255 255 255 255 127 127 255 255 255 255 255 127 63 255 63 255 255 255 255 255 127 255 255 255 255 255 255 255 255 255 255 255 255 255 255 255 255 255 255 255 127 255 255 255 255 255 255 255 255 127 255 255 255 255 255 255 127 255 255 255 255 255 255 255 255 255 255 127 255 255 255 255 255 63 
255 255 127 255 255 127 255 255 255 127 255 255 255 255 255 31 255 255 255 255 127 255 255 255 255 255 127 255 127 127 255 255 63 255 255 255 127 31 255 255 255 127 255 255 255 127 255 127 255 127 255 255 127 255 127 255 255 255 255 255 127 255 255 63 255 127 255 255 127 255 127 255 255 255 31 127 63 255 127 255 31 255 127 255 255 127 31 127 255 127 255 31 255 255 255 255 255 127 255 255 255 255 127 255 255 127 127 255 255 127 255 127 255 255 127 127 255 255 255 255 255 255 255 255 127 255 255 255 255 255 127 255 255 255 255 127 255 255 255 255 127 255 255 255 255 255 255 255 255 127 
255 255 255 255 255 127 255 127 127 127 255 255 255 255 255 127 255 127 63 127 127 255 255 255 255 127 255 255 255 255 255 255 255 63 255 63 255 255 31 255 255 255 255 255 255 255 31 127 255 127 0 63 255 255 255 255 255 255 255 127 127 255 127 127 15 255 127 255 7 127 255 127 255 63 63 255 255 127 127 255 255 127 127 255 255 31 127 127 255 255 127 255 127 127 255 255 127 255 255 127 255 255 255 127 255 255 255 255 255 255 127 127 255 255 255 255 255 0 255 255 127 255 255 255 255 255 255 255 255 255 255 255 255 255 255 255 255 255 255 255 255 255 255 255 255 127 255 127 127 255 
255 255 255 255 255 127 127 255 255 255 255 255 255 127 127 255 255 255 255 255 255 63 255 63 255 255 255 255 255 255 127 127 127 255 127 255 255 63 31 63 255 255 255 255 255 255 255 255 127 127 63 63 127 255 31 255 127 127 127 255 255 255 255 255 255 127 255 127 127 255 0 255 255 255 127 127 255 255 127 127 255 255 31 127 63 127 127 255 127 255 255 255 255 127 255 255 255 127 255 255 255 127 127 255 255 255 255 255 127 255 127 255 255 255 255 255 255 255 127 127 127 255 255 255 255 255 255 255 255 255 255 255 255 255 127 127 255 255 255 255 255 255 255 127 0 255 255 255 255 127 
0 255 255 127 255 255 255 255 255 63 255 127 127 255 255 255 255 255 127 255 255 127 0 255 63 255 63 127 127 127 255 255 255 255 255 255 127 127 127 255 127 255 31 255 255 127 255 255 255 255 127 255 255 255 255 63 255 255 255 127 255 255 255 127 127 255 255 255 127 255 31 127 63 127 255 255 255 255 255 255 63 63 255 255 255 127 63 127 255 255 127 255 255 255 255 255 127 255 127 127 127 255 255 255 255 255 255 127 255 255 255 255 255 255 255 255 255 255 255 255 255 255 255 255 127 255 255 255 255 255 255 255 255 255 255 255 255 255 255 255 255 127 127 255 255 255 255 127 255 255 
255 127 255 255 255 255 255 255 127 255 127 127 63 255 255 63 255 255 255 255 255 255 255 255 255 127 127 255 63 255 0 255 255 255 255 255 255 255 255 255 127 255 255 127 255 255 255 255 127 255 255 127 127 255 255 255 127 255 63 127 255 127 255 255 255 255 255 255 255 15 255 255 255 63 255 127 255 255 127 127 255 31 255 63 31 255 127 255 255 255 127 255 255 127 255 255 127 255 255 255 255 127 255 255 255 127 255 255 255 255 255 255 127 255 255 255 255 255 255 255 255 255 255 255 255 255 255 255 255 255 255 255 255 255 255 127 0 255 255 255 127 255 255 255 255 255 255 255 127 127 
63 127 255 255 255 255 255 127 255 255 255 255 255 255 255 127 127 127 63 255 31 255 255 255 127 127 255 255 255 255 255 255 255 127 255 255 255 255 255 255 127 255 127 255 31 255 127 255 127 127 127 127 255 255 255 255 255 255 127 127 255 31 255 63 127 255 255 255 127 255 255 255 255 255 255 127 255 63 127 127 7 31 255 255 255 127 127 255 255 255 255 255 255 127 255 127 255 255 255 255 255 255 255 255 255 255 255 255 255 255 127 255 255 255 255 255 255 255 255 255 255 255 255 255 255 255 255 255 127 127 255 255 255 255 255 255 63 127 127 255 63 255 255 255 255 127 255 255 255 255 
255 255 127 127 127 127 255 255 255 255 255 255 127 255 127 255 255 255 255 255 255 63 255 255 255 255 255 255 127 255 127 127 255 255 127 127 255 255 127 127 255 127 127 255 255 255 255 63 255 127 127 63 255 255 255 255 127 127 255 255 255 127 255 255 127 127 255 63 255 255 127 255 63 127 63 255 255 255 255 255 127 255 255 255 127 127 255 255 255 255 255 255 127 255 255 255 255 127 255 255 0 255 255 255 255 255 255 255 255 255 255 127 255 255 255 255 127 255 127 255 0 255 255 255 255 127 255 127 255 255 127 255 255 255 127 127 255 255 255 255 255 255 63 63 127 255 255 255 255 255 
255 127 127 127 255 255 255 255 127 63 255 127 255 255 255 255 255 255 255 255 127 255 127 127 63 127 255 127 127 63 255 255 255 255 255 255 255 127 255 255 255 255 127 255 127 255 255 255 255 127 31 127 127 127 255 63 255 127 31 255 255 15 15 15 255 255 255 0 127 127 15 63 127 255 127 127 255 255 0 127 127 255 255 127 127 255 255 255 127 255 255 127 255 255 255 255 127 127 255 255 127 255 255 127 255 127 255 255 255 255 255 255 255 255 127 127 255 255 255 255 255 255 255 255 127 255 255 255 255 255 255 127 63 127 255 255 127 255 255 255 255 127 255 255 255 255 255 255 255 255 
255 127 255 255 255 255 255 127 255 255 255 255 63 127 255 255 255 255 255 255 255 255 255 255 255 63 255 255 63 255 127 255 63 127 255 255 255 255 255 255 127 127 255 255 255 255 15 63 255 255 255 127 127 255 255 127 31 255 31 63 255 127 127 63 255 255 255 127 127 127 255 31 63 63 63 255 255 127 255 255 127 255 255 127 255 127 255 255 255 127 255 255 255 127 127 255 255 255 255 127 255 255 255 255 255 255 255 255 127 255 255 255 255 127 255 255 255 255 127 255 255 255 127 255 255 255 255 255 255 127 255 255 63 255 255 255 255 255 127 127 255 255 255 255 255 255 255 255 127 255 
127 255 63 255 255 255 127 255 255 255 255 255 127 255 255 63 63 255 255 255 255 255 255 127 127 255 15 255 63 255 127 255 127 127 127 255 255 255 255 127 127 255 255 255 15 255 63 255 127 127 127 63 127 255 255 255 255 127 63 63 127 63 127 127 255 255 127 127 255 255 255 63 255 255 255 31 255 255 255 127 255 255 255 127 255 127 255 127 255 255 255 255 255 63 255 255 255 255 255 255 127 127 127 127 255 255 255 255 255 255 127 255 255 255 255 255 127 255 127 127 127 127 255 255 255 255 255 127 127 255 255 255 255 255 255 255 127 127 127 255 127 255 255 255 255 127 255 255 255 255 
255 127 127 127 255 255 255 255 255 255 255 255 127 255 255 255 255 255 127 127 127 127 255 255 255 255 127 255 255 255 127 255 255 255 63 255 255 127 255 127 127 255 255 255 255 255 63 63 127 255 63 255 255 255 255 127 127 255 255 127 255 255 15 63 255 127 255 15 63 255 255 255 127 31 127 255 127 255 255 255 127 127 127 255 127 255 255 255 255 127 255 255 127 255 255 255 255 255 255 127 255 255 255 255 255 255 255 255 127 127 255 255 255 255 255 127 127 255 255 255 255 255 255 255 127 255 127 255 255 255 255 255 255 127 127 255 255 255 127 255 255 127 127 127 255 255 255 255 127 255 
127 127 127 255 127 255 255 63 255 127 255 255 255 255 255 255 255 127 255 127 63 127 255 255 255 255 255 127 127 127 255 127 255 255 63 63 255 63 255 255 255 0 255 255 127 255 255 255 127 255 63 127 255 63 127 255 255 255 255 255 255 127 7 255 255 255 63 255 63 255 127 31 255 127 255 255 255 255 255 255 127 127 127 15 127 255 255 255 255 255 127 255 127 127 255 255 255 127 255 255 255 255 255 255 127 255 255 127 255 127 255 255 255 255 127 255 255 255 255 255 255 63 255 255 255 255 255 127 255 63 127 127 127 255 255 255 255 255 255 255 255 127 127 255 255 255 255 255 127 255 
255 255 255 255 255 255 127 255 255 255 255 255 255 255 255 127 255 127 255 255 255 255 255 63 255 127 255 255 255 255 255 255 127 63 255 255 255 255 63 255 127 127 255 127 255 255 255 255 15 15 0 255 255 127 255 255 63 255 255 127 255 255 255 255 255 255 255 127 63 127 255 255 255 255 127 255 127 255 127 127 255 255 255 31 255 255 255 127 255 127 127 255 255 255 127 0 255 255 255 127 255 255 127 255 255 127 255 255 255 127 255 255 127 255 255 255 127 127 255 127 127 255 255 255 255 255 255 255 127 255 127 255 255 255 255 255 255 127 255 255 255 255 255 255 255 127 255 127 255 255 
255 255 255 255 255 127 255 255 255 255 255 127 255 127 255 255 127 255 255 255 255 255 255 127 255 63 63 255 255 255 255 255 127 63 255 255 255 255 255 255 127 255 255 255 127 127 255 255 127 31 255 255 255 255 255 255 127 255 127 63 255 63 255 255 255 127 0 15 255 255 255 255 255 127 255 255 255 255 255 255 255 255 127 127 127 255 255 255 255 127 15 127 255 255 127 255 255 255 255 255 255 255 255 255 255 127 255 127 255 255 255 255 127 255 255 255 255 127 127 127 255 255 255 255 255 255 127 127 255 255 255 255 255 255 255 127 127 255 255 255 255 255 255 127 127 127 255 255 255 255 
127 255 127 127 255 255 255 255 255 255 127 255 255 255 31 255 255 255 255 127 255 63 255 31 255 255 255 255 127 255 255 127 255 255 255 255 127 127 255 255 255 255 255 255 255 127 63 127 255 255 63 255 255 255 127 15 255 255 255 63 255 255 127 63 7 0 255 15 255 127 127 127 0 255 127 255 63 255 255 0 127 63 255 31 3 255 255 127 127 255 63 255 127 127 255 127 255 127 255 127 255 255 127 255 255 255 127 127 255 127 255 255 255 255 255 127 127 255 255 255 255 255 255 255 63 255 255 255 255 255 255 255 255 63 127 255 255 255 255 255 255 127 63 255 255 255 255 255 255 127 
255 127 63 127 255 255 255 255 255 127 255 255 255 255 255 255 255 127 127 255 63 255 255 255 255 127 255 127 255 255 255 255 255 127 127 63 255 255 255 255 255 255 255 127 255 255 255 255 255 127 255 63 127 15 255 31 255 255 63 31 63 127 127 127 0 63 127 255 255 255 127 127 127 255 31 255 255 15 127 7 1 255 63 31 255 255 15 127 127 127 255 255 255 255 127 127 255 255 255 255 255 255 255 127 255 127 255 255 255 255 255 255 63 127 127 255 255 255 255 255 255 127 255 255 255 255 255 255 255 255 127 127 255 255 255 255 127 255 127 127 127 255 255 255 255 255 255 127 127 255 
255 255 255 255 255 127 127 255 127 255 255 255 255 255 255 63 255 255 255 255 127 255 255 127 127 255 255 31 31 0 127 255 127 127 255 255 63 255 127 255 127 127 255 255 255 255 255 255 255 127 127 255 127 127 255 63 255 255 63 15 255 255 255 15 255 255 255 127 255 127 3 255 15 255 3 3 63 15 255 3 3 63 1 63 0 63 255 255 127 127 255 255 127 127 255 255 255 255 127 255 127 255 127 255 63 255 255 255 255 255 127 255 255 255 127 127 255 255 127 255 127 255 127 255 255 255 255 127 255 127 127 255 255 0 255 127 255 255 255 255 255 255 255 255 255 255 255 255 255 255 
255 255 255 255 127 255 255 255 255 255 127 127 255 255 255 255 255 255 255 127 255 255 127 127 63 63 127 255 255 127 255 127 255 255 255 255 255 127 127 255 255 255 127 255 63 255 255 255 127 255 255 255 255 255 255 63 255 0 255 255 255 255 255 255 255 127 127 255 255 255 63 7 0 63 0 15 127 15 0 3 3 7 0 0 0 255 31 31 31 15 255 255 127 127 255 255 127 127 255 127 255 127 255 63 255 127 255 127 127 127 255 255 255 255 255 255 127 63 63 255 255 255 255 255 255 127 255 255 255 255 255 255 255 127 127 127 63 255 255 255 255 255 255 63 127 63 255 127 127 255 
255 127 127 255 255 255 255 255 255 255 127 255 255 127 63 255 255 255 255 127 127 255 255 255 127 255 255 255 255 255 255 255 255 255 255 255 127 127 255 255 255 255 255 255 255 127 127 15 63 255 255 255 255 127 127 127 0 31 63 0 7 127 255 255 255 255 255 255 255 31 15 0 127 0 0 0 7 0 255 3 0 3 15 0 255 31 0 15 63 127 63 63 127 127 255 255 127 255 127 255 255 255 127 255 63 127 63 127 255 255 127 255 255 255 127 127 255 255 255 127 255 255 255 255 127 255 255 255 255 255 255 63 255 127 255 255 255 255 127 255 127 127 255 255 255 255 255 255 255 255 
127 63 63 255 255 255 255 127 127 127 255 255 255 255 255 127 255 255 127 255 127 255 255 255 255 31 127 255 255 255 255 255 255 31 127 127 255 255 255 255 0 255 127 127 255 15 255 0 127 127 255 0 255 31 127 255 255 31 255 127 127 127 127 127 127 31 7 255 31 31 1 0 255 0 31 0 7 63 31 0 0 0 0 255 3 15 15 15 255 255 255 127 255 127 63 255 127 255 255 255 255 255 255 127 127 255 255 255 0 255 255 255 127 255 63 255 255 255 255 255 127 127 255 255 255 255 255 255 255 127 127 255 255 255 255 255 255 255 255 63 255 127 255 255 255 255 255 127 255 255 
255 255 255 63 63 255 255 255 255 255 255 255 255 127 255 127 255 127 255 127 127 255 255 127 255 255 255 255 255 255 127 255 255 127 255 255 255 127 255 255 127 127 255 255 255 255 255 127 127 63 31 127 127 255 31 255 255 127 127 127 255 0 127 7 15 15 1 0 7 255 0 7 0 0 31 1 7 255 0 1 0 7 0 63 3 15 7 255 255 255 255 255 63 63 255 255 63 255 255 255 127 127 127 255 127 255 255 255 255 63 127 127 255 127 127 255 255 255 127 255 255 255 255 255 255 255 255 127 255 255 255 255 255 255 255 255 255 127 255 255 255 31 127 255 127 255 255 255 255 255 
255 255 127 255 255 255 255 255 127 255 255 255 127 255 255 127 255 255 63 0 127 127 255 31 255 127 127 255 127 255 255 255 255 255 255 255 255 127 255 127 255 255 255 255 255 127 127 255 255 255 127 31 127 127 31 63 127 255 255 0 255 127 255 3 15 3 0 0 0 15 3 7 0 0 0 0 7 255 0 0 0 0 0 15 3 1 0 31 255 63 63 127 127 255 127 127 255 127 255 127 255 255 127 255 255 255 255 127 127 255 255 255 255 255 255 255 127 127 255 255 255 255 255 255 255 127 127 255 255 255 255 127 255 255 127 255 255 255 255 127 255 127 255 127 255 127 255 255 255 255 
127 127 127 255 255 255 255 255 255 255 255 127 127 255 255 127 255 127 127 127 255 255 255 127 255 255 127 255 255 255 255 255 0 255 255 31 31 255 255 255 127 127 255 255 127 127 255 255 31 255 15 0 255 127 255 255 255 127 127 127 255 127 127 7 0 0 0 0 1 15 0 3 0 0 0 0 0 0 0 0 0 0 255 0 0 255 255 0 15 63 127 255 255 255 255 127 127 127 255 255 255 255 255 255 63 127 127 255 255 255 255 255 255 127 127 255 63 63 127 255 255 255 127 255 255 127 255 255 127 255 127 127 255 63 127 255 255 255 255 63 127 127 255 255 255 255 255 63 255 127 
255 31 255 255 255 255 127 127 255 255 255 255 255 255 63 255 255 127 255 255 255 255 255 31 127 127 255 31 255 255 255 127 127 15 127 255 127 15 255 255 127 255 31 255 127 255 127 255 255 255 127 127 15 255 255 127 127 255 255 31 15 3 0 7 0 0 1 0 0 0 1 0 0 0 0 0 3 63 7 0 0 0 255 0 0 0 3 255 7 3 255 255 31 63 127 127 255 255 255 255 255 127 63 127 255 255 255 255 255 255 255 255 127 255 255 255 255 127 255 127 255 63 255 127 255 255 255 255 255 127 127 255 255 255 127 127 255 255 63 127 255 255 255 255 255 63 255 63 255 255 
127 127 127 255 127 255 255 255 255 255 255 255 127 127 255 255 255 255 255 255 127 127 63 127 127 255 255 255 255 255 127 127 127 255 127 63 127 255 255 127 15 255 255 255 255 31 255 127 63 63 255 255 255 255 255 7 255 255 127 255 7 31 0 0 0 7 1 0 0 0 0 0 0 1 0 0 255 0 0 0 0 0 0 0 0 0 0 255 0 255 255 127 127 255 255 127 255 255 255 127 127 255 255 255 255 255 255 255 255 127 255 255 63 255 255 255 127 63 127 255 255 255 255 255 127 255 255 127 255 255 255 255 255 255 127 255 127 255 127 255 255 63 63 255 127 255 255 255 255 255 
255 255 255 127 255 63 255 255 255 255 127 127 255 127 255 255 31 255 255 127 255 127 255 63 255 255 255 255 255 127 255 255 127 31 255 255 127 255 255 255 31 31 255 255 255 63 255 255 255 255 255 127 255 127 255 127 255 15 7 255 127 0 127 0 0 0 0 0 0 0 0 0 0 0 0 0 0 0 0 0 0 31 0 0 0 0 31 255 0 0 31 7 255 255 255 255 255 127 255 127 63 127 127 255 255 255 127 255 255 255 63 255 255 255 127 255 127 255 63 255 255 255 255 127 127 127 255 255 63 255 255 255 127 255 255 255 255 255 255 255 255 127 255 31 255 255 255 255 255 127 
255 127 255 255 255 255 255 255 127 127 127 63 255 255 31 255 255 255 127 255 255 0 255 255 127 255 63 127 255 255 255 255 255 127 255 127 255 63 127 63 255 0 255 255 127 0 255 255 255 255 127 255 127 255 127 7 0 0 0 255 7 0 127 15 255 0 0 255 0 0 3 0 0 0 0 0 0 0 0 0 0 0 0 0 0 0 15 0 0 15 0 0 255 7 255 255 127 255 127 31 127 255 255 127 127 127 255 31 255 255 255 255 255 127 127 255 255 127 255 255 255 127 127 255 255 255 255 127 255 63 255 63 255 255 255 255 255 255 127 63 255 255 255 255 255 127 127 255 127 63 
127 63 15 255 255 63 127 127 255 255 255 255 255 255 31 255 127 255 255 255 255 0 31 127 127 255 255 63 255 127 255 255 127 127 255 255 255 255 255 255 127 127 63 31 31 63 127 255 0 127 255 127 255 255 0 255 15 63 31 0 0 0 255 15 255 0 0 0 0 0 0 0 0 0 0 0 0 0 0 0 0 0 0 0 0 0 255 0 0 0 0 0 127 7 127 127 15 255 255 127 255 0 127 127 255 63 255 255 255 255 127 255 255 255 255 255 255 63 255 127 127 255 255 255 255 255 255 127 127 127 255 255 255 255 63 255 255 63 255 255 127 255 255 255 255 127 255 255 255 255 
63 255 63 127 255 127 255 255 255 255 127 255 63 127 255 63 255 255 127 255 255 127 127 255 255 255 255 255 255 127 31 127 255 255 127 255 255 255 127 63 127 255 255 63 255 255 255 255 127 255 255 255 127 255 63 15 0 3 255 0 0 0 0 0 0 0 0 0 0 0 0 0 0 0 0 0 0 0 0 0 0 0 0 0 0 0 0 0 0 3 1 31 0 7 0 255 15 255 255 15 0 127 255 31 63 255 255 63 255 63 255 255 255 255 255 255 127 127 255 255 255 255 127 255 255 63 127 255 255 255 255 255 255 127 255 127 255 255 255 127 63 127 127 255 255 255 255 255 127 255 
255 127 127 255 255 63 255 255 255 127 255 255 255 255 255 255 255 255 63 127 127 255 255 255 255 255 255 127 127 255 255 255 31 255 63 255 127 255 127 255 255 255 255 255 255 255 127 127 255 127 255 255 0 63 15 15 31 1 0 0 0 15 0 0 0 0 0 0 0 0 0 0 0 0 0 0 0 0 0 0 0 0 0 0 0 0 0 0 0 3 0 255 15 0 3 7 31 63 255 7 31 255 255 127 1 31 255 255 255 255 63 255 255 63 255 127 255 255 255 255 127 255 255 255 127 31 127 255 255 127 255 127 255 127 255 255 63 255 255 255 127 255 127 127 255 255 255 255 127 127 
255 255 255 255 255 255 127 127 255 255 31 127 255 255 255 255 127 255 255 63 31 255 63 127 255 255 127 255 255 255 255 255 127 255 255 127 127 63 255 255 255 255 127 255 255 255 255 255 127 255 63 255 0 255 1 0 0 1 0 0 0 0 0 255 0 0 0 0 0 0 0 0 0 0 0 0 0 31 0 0 0 0 0 0 0 0 0 0 0 31 3 0 0 0 0 7 127 31 63 0 255 15 255 15 7 255 255 255 255 255 255 255 127 0 63 127 255 31 127 255 255 127 127 255 255 255 255 127 255 63 255 63 255 255 255 255 255 127 255 127 255 255 255 127 255 255 127 255 127 255 
255 255 255 255 255 127 127 255 255 63 255 127 255 127 127 127 255 255 255 255 255 255 127 127 255 255 255 255 255 255 255 127 63 255 255 255 31 255 255 127 127 255 255 255 255 127 255 255 255 127 127 255 7 31 3 1 0 0 0 0 0 0 0 0 0 0 0 0 0 0 0 0 0 0 0 0 0 0 0 0 0 0 0 0 0 0 0 0 0 0 1 0 0 0 0 3 255 31 0 31 63 63 31 127 3 15 255 255 255 255 63 127 255 63 63 255 255 63 255 63 255 255 255 255 255 255 255 127 127 255 127 255 255 255 63 255 255 127 63 255 255 255 255 255 127 127 127 127 255 127 
31 127 127 127 127 255 255 255 255 255 127 127 127 127 255 255 255 255 255 255 255 127 255 255 255 127 255 127 127 127 63 255 255 255 255 255 255 255 255 255 255 255 255 127 255 255 255 127 255 255 127 255 255 15 31 7 0 0 1 0 0 0 0 0 0 0 0 0 0 0 0 0 0 0 0 0 0 0 0 255 0 0 0 0 0 0 0 0 0 0 0 0 0 0 0 3 255 15 31 63 15 255 255 255 255 7 127 63 255 255 255 127 255 255 255 63 127 127 127 255 63 255 63 127 127 127 255 255 255 255 255 255 255 127 127 255 255 127 255 255 255 127 255 127 255 255 255 255 255 255 
63 63 255 255 255 255 255 255 255 63 255 255 255 127 255 255 127 255 63 255 255 255 127 255 255 255 255 63 127 255 127 255 63 255 31 127 255 255 255 255 255 255 255 255 127 255 255 255 127 127 31 255 3 63 0 0 0 1 0 0 0 0 0 0 0 0 0 0 0 0 0 0 0 0 0 0 0 0 0 0 0 0 0 0 0 0 0 0 0 0 0 0 1 1 1 3 0 0 255 31 255 255 255 31 127 127 255 255 63 255 63 63 255 127 127 255 31 255 255 31 255 255 255 255 63 127 255 255 255 255 255 255 255 255 255 255 255 255 127 127 255 255 255 255 255 255 255 255 127 255 
255 255 255 127 255 255 127 255 255 255 127 255 255 255 255 255 127 127 255 255 255 255 63 255 255 255 127 255 255 255 255 255 127 255 127 255 255 127 255 255 255 255 255 255 255 255 255 127 255 255 127 31 1 15 3 31 0 0 0 0 0 0 0 0 0 0 0 0 0 0 255 0 0 0 0 0 0 0 0 0 0 0 0 0 127 0 0 0 0 0 0 0 0 0 1 0 0 0 63 3 127 255 0 127 255 255 255 63 255 31 255 63 63 63 255 255 255 255 127 255 127 127 255 255 127 255 255 255 255 127 255 255 127 255 255 255 255 127 127 255 255 255 127 255 255 255 127 255 255 255 
255 255 255 255 255 127 127 127 255 63 255 255 255 127 127 255 255 255 255 255 255 255 63 63 255 63 255 127 255 255 255 127 127 255 255 255 255 255 255 255 127 127 255 255 255 255 255 255 127 127 255 15 1 15 0 31 63 3 0 0 0 0 0 0 0 0 0 0 0 0 0 0 0 0 0 0 0 0 255 0 0 0 0 0 0 0 0 0 0 0 0 0 1 0 0 0 0 1 0 63 15 63 63 255 63 255 255 255 31 127 127 255 31 31 63 127 255 63 127 0 255 255 255 255 255 127 127 127 255 127 255 255 127 127 127 127 127 255 255 255 255 255 255 127 255 255 255 255 127 255 
255 255 127 255 255 255 255 255 255 127 127 63 255 127 255 255 255 255 255 255 127 127 255 255 255 255 63 255 63 255 255 255 255 255 255 255 255 255 255 255 255 255 255 127 255 255 127 127 255 255 255 0 0 0 0 127 0 0 0 0 0 0 0 0 0 0 0 0 0 0 0 0 0 0 0 0 0 0 0 0 0 0 0 0 0 0 0 0 0 0 0 0 0 0 0 1 0 0 0 1 15 31 7 63 255 127 255 127 255 255 255 255 255 255 127 127 127 255 255 127 127 255 255 127 255 63 255 255 255 255 255 255 127 63 127 255 255 255 127 255 127 255 255 127 255 255 255 255 127 63 
255 63 255 255 127 255 255 255 63 127 255 255 255 255 63 255 255 255 127 255 127 255 255 255 255 127 255 127 127 255 127 255 127 255 255 255 255 255 255 255 127 255 255 127 127 255 0 127 127 7 0 0 0 1 0 255 0 0 0 0 0 0 0 0 0 0 0 0 0 0 0 0 0 0 0 0 0 0 0 0 0 0 0 0 0 0 0 0 0 0 0 0 0 0 255 127 15 1 1 127 127 15 63 63 127 127 255 255 63 255 31 255 127 127 127 63 255 127 255 255 255 63 255 127 63 255 255 255 63 127 255 127 255 255 255 255 31 255 127 127 255 255 255 255 255 255 255 255 255 255 
255 127 63 255 127 255 127 255 255 255 255 255 127 255 255 127 255 63 255 63 63 127 255 255 127 255 255 255 255 255 255 255 255 127 255 127 255 255 255 255 255 255 255 255 255 31 255 31 3 15 0 7 0 0 0 255 0 0 0 0 0 0 0 0 0 0 7 0 0 0 0 0 0 0 0 0 0 127 0 0 0 0 0 0 0 0 0 0 0 0 0 0 0 0 7 3 15 0 0 0 3 0 31 63 255 255 255 255 255 255 255 63 63 255 0 255 255 255 127 255 127 255 255 255 63 255 127 127 255 127 255 255 255 255 255 255 255 127 255 255 63 255 127 255 127 255 127 127 255 255 
63 255 255 255 255 63 255 255 127 127 255 255 255 255 255 255 255 127 255 255 127 63 63 63 255 255 255 255 255 255 127 255 255 255 255 255 127 255 255 255 255 255 127 255 255 255 127 15 127 255 0 7 15 0 0 0 0 0 0 0 255 0 0 0 0 0 0 0 0 0 0 0 0 0 0 0 0 0 0 0 0 0 0 0 0 0 0 0 0 0 0 0 0 0 0 0 0 7 0 1 0 63 31 255 63 255 255 31 127 127 255 127 63 255 255 127 255 127 127 255 255 255 255 255 255 63 127 127 127 255 127 255 255 255 255 127 255 255 255 127 255 127 127 63 255 255 255 255 255 255 
255 255 127 255 255 255 127 255 255 127 127 63 255 255 255 255 0 255 63 127 127 255 255 127 255 127 255 255 127 255 255 255 255 255 255 255 127 255 255 127 255 255 255 255 127 31 15 127 255 255 0 7 15 0 31 0 0 0 0 0 0 0 0 0 0 0 0 0 0 0 0 0 0 0 0 0 0 0 0 0 0 0 0 0 0 0 0 0 0 0 0 0 0 255 0 0 0 0 0 15 0 0 1 63 255 127 127 31 127 127 255 63 255 255 127 127 63 255 127 255 255 255 255 127 127 127 255 255 255 255 127 127 127 127 255 255 255 255 255 255 127 255 255 255 255 255 255 127 127 63 
255 255 127 255 255 255 255 127 255 127 255 255 63 127 31 255 127 127 127 255 255 15 255 255 255 255 127 127 255 127 255 255 255 255 127 127 255 255 255 255 255 255 127 255 255 127 255 15 255 0 7 1 0 3 0 0 0 0 0 0 0 0 0 0 0 255 0 0 0 0 0 0 0 0 0 0 0 0 0 0 0 0 0 0 0 0 0 0 0 0 0 0 0 0 0 0 255 15 0 0 31 255 255 63 31 31 127 127 31 255 255 127 127 127 255 255 127 255 127 63 255 63 255 255 63 255 255 255 63 127 255 255 255 127 127 255 255 31 127 255 255 255 255 255 255 255 255 127 127 127 
255 255 127 255 255 255 127 255 255 255 255 127 255 127 255 255 127 63 255 255 255 255 127 255 127 255 255 255 255 255 255 127 255 127 255 127 255 255 255 255 255 127 255 127 255 63 0 7 63 127 1 0 0 1 0 0 0 0 0 255 0 0 0 0 0 0 0 0 0 0 0 0 0 255 0 0 0 0 0 0 0 0 0 0 0 0 0 0 0 0 0 0 0 0 0 0 0 0 255 0 3 0 0 0 3 63 63 63 127 127 127 255 255 255 63 255 255 255 255 127 255 255 31 255 127 255 255 255 127 255 255 255 255 255 255 127 127 127 255 255 63 255 255 255 255 127 255 255 255 255 
255 255 127 255 255 63 255 31 255 255 255 255 63 127 255 255 255 255 255 255 127 255 255 255 255 255 255 255 255 127 255 255 255 255 255 255 255 255 127 127 255 15 255 63 63 255 31 0 255 31 63 3 31 15 0 0 7 0 0 0 0 0 0 0 0 0 0 0 0 0 255 0 0 0 0 0 0 0 0 0 0 0 0 0 0 0 0 0 0 0 0 0 255 15 0 0 0 0 0 0 0 0 0 0 3 255 127 127 127 63 63 255 63 127 255 127 255 127 255 255 255 255 0 255 255 127 255 127 31 255 255 255 255 127 255 255 255 255 255 255 255 63 255 63 255 255 255 255 255 255 
127 255 255 255 255 255 255 255 255 127 127 255 255 255 255 255 255 255 127 127 255 127 255 255 255 255 127 255 127 255 255 255 255 255 255 127 127 127 255 255 255 255 255 255 63 31 255 255 255 255 1 31 0 3 3 1 0 1 0 0 0 0 0 0 255 0 0 0 0 0 0 0 0 0 0 0 0 0 0 0 0 0 0 0 0 0 0 0 0 255 0 0 0 0 0 0 0 0 0 0 0 0 0 255 127 127 255 255 127 255 255 255 255 63 255 255 63 255 127 127 255 255 127 127 255 255 255 255 255 63 255 63 127 255 255 255 255 255 255 255 127 255 255 255 255 127 63 255 127 127 
255 127 255 255 127 127 255 127 127 255 255 127 127 255 255 255 127 255 255 255 255 127 255 255 127 255 255 255 255 255 255 255 255 255 255 255 255 255 127 255 255 127 255 127 31 127 127 255 255 255 63 63 127 15 1 0 1 1 0 0 0 0 0 0 0 0 0 0 0 0 0 0 0 0 0 0 0 0 0 0 0 0 0 0 0 0 0 0 0 0 0 0 0 0 31 1 0 255 0 0 7 0 31 127 63 255 255 255 255 255 127 63 127 255 127 255 255 63 255 63 0 127 255 255 255 255 127 255 127 255 255 127 63 127 63 255 127 127 255 255 255 255 255 127 255 255 255 255 255 63 
255 127 255 255 127 255 255 255 255 127 255 255 127 255 255 255 255 255 255 255 255 255 255 127 255 127 255 127 127 255 127 127 127 255 127 255 255 63 127 127 255 255 127 63 255 63 31 255 127 255 255 7 0 3 0 3 0 0 0 0 0 0 0 0 0 0 0 0 0 0 0 0 0 0 0 0 0 0 0 0 0 0 0 0 0 0 0 0 0 0 0 0 0 0 0 0 0 0 0 0 3 0 255 255 63 0 31 63 63 127 127 255 31 255 255 255 127 255 255 255 31 127 127 255 127 127 255 255 255 255 255 255 127 255 255 127 63 31 127 255 255 255 255 255 255 255 255 255 255 255 
255 255 255 63 255 255 255 31 255 127 255 255 255 255 255 127 255 127 255 255 255 255 255 255 255 255 255 255 127 127 255 255 255 127 255 255 255 127 255 255 127 255 255 0 255 255 255 127 255 127 255 255 255 1 127 7 0 0 0 0 0 0 0 0 0 0 0 0 0 0 0 0 0 0 0 0 0 0 0 0 0 0 0 0 0 0 0 0 0 0 0 0 0 0 0 0 3 0 0 63 0 7 255 255 255 255 255 255 255 31 31 127 255 255 127 31 255 31 255 255 255 255 255 31 127 127 63 255 255 255 255 255 127 127 255 255 255 127 127 127 255 63 255 255 255 127 255 255 255 31 
127 127 255 255 255 255 255 255 127 127 255 255 255 255 255 255 255 255 127 127 127 127 127 255 255 255 255 127 31 255 255 255 255 127 255 127 127 255 255 255 255 255 15 127 127 255 255 255 31 255 63 31 63 3 3 255 0 0 0 0 0 0 0 0 0 0 0 0 0 0 0 0 0 0 0 0 0 0 0 0 0 0 0 0 0 255 0 0 0 0 0 0 0 0 0 0 0 0 7 0 15 7 255 63 127 63 255 255 255 255 255 255 127 63 0 255 255 255 255 255 255 127 127 255 255 127 255 127 255 63 127 127 255 255 255 255 255 255 0 255 127 255 127 255 255 255 255 127 127 63 
255 255 255 127 255 255 255 63 255 255 255 255 255 255 255 255 127 255 255 255 255 255 255 255 255 127 127 255 255 255 255 255 127 255 255 255 255 255 255 255 255 255 127 255 255 255 255 31 255 127 15 255 255 3 0 0 0 127 0 0 0 0 0 0 0 0 0 0 0 0 0 0 0 0 0 0 0 0 0 0 0 0 0 0 0 0 0 0 0 0 0 0 0 0 0 0 0 1 0 0 3 3 0 127 255 255 255 255 63 255 255 127 255 255 63 63 255 63 127 127 255 255 255 255 255 255 255 127 255 127 255 255 63 255 255 255 127 127 255 255 255 255 255 255 127 63 127 255 255 63 
255 255 255 127 255 127 255 255 255 255 255 255 127 255 255 255 255 255 255 255 255 127 255 255 127 255 255 255 255 255 127 255 127 255 255 255 127 255 255 255 255 127 63 255 127 127 127 127 127 127 127 255 3 31 0 0 0 15 3 0 0 0 0 0 0 0 0 0 0 0 0 0 0 0 0 0 255 0 0 0 0 0 0 0 0 0 0 0 0 0 31 0 0 0 0 0 0 0 0 1 63 0 31 31 127 127 31 127 255 127 255 63 255 255 31 127 127 255 255 127 255 255 255 255 255 255 255 255 255 255 255 255 255 127 255 127 255 255 255 255 255 255 127 127 255 255 255 255 63 255 
255 255 127 255 255 255 255 255 255 255 255 255 255 255 127 127 255 255 127 255 127 255 255 255 255 255 255 255 127 255 255 255 255 127 255 127 255 255 255 255 255 127 255 255 255 127 127 63 63 255 255 255 0 0 0 0 0 0 0 15 0 0 15 0 0 0 0 0 0 0 0 0 0 0 0 0 0 0 0 0 0 0 0 0 255 0 0 0 0 0 0 0 0 0 0 0 0 0 0 255 1 0 255 127 255 127 31 0 31 255 31 255 255 255 127 31 255 255 255 255 255 255 127 31 127 255 255 255 255 255 127 127 127 127 255 255 127 255 255 255 255 63 255 255 255 255 255 255 127 127 
127 127 255 255 255 255 255 255 127 255 255 255 255 127 255 255 255 127 255 255 255 127 255 255 255 127 127 255 255 255 255 255 255 255 255 255 127 255 255 255 255 63 31 127 63 63 255 63 63 255 15 63 0 0 0 0 255 0 0 0 0 0 0 0 0 0 0 0 0 0 0 0 0 0 0 0 0 0 31 0 0 0 0 0 0 0 0 0 0 0 0 0 255 0 0 7 3 0 7 255 0 0 255 127 255 31 255 0 255 127 127 63 255 127 255 255 255 255 255 255 127 127 255 255 127 255 255 255 255 127 127 255 255 255 255 255 255 255 127 255 127 255 127 255 31 255 127 127 255 255 
255 255 255 255 255 127 127 127 255 255 255 255 255 255 255 255 255 255 127 255 255 255 127 127 127 255 255 255 255 127 127 255 255 255 15 255 255 255 255 127 127 127 127 255 255 255 255 63 127 127 127 63 15 3 0 0 255 0 0 0 0 0 0 0 0 0 0 3 0 0 0 0 0 0 0 0 0 0 0 0 0 0 0 0 0 0 0 0 0 255 0 3 0 0 255 15 1 0 0 0 0 0 127 255 127 255 255 255 255 127 127 255 255 127 63 255 255 127 255 127 255 255 255 255 255 255 127 255 255 255 255 255 255 255 127 127 127 255 255 255 255 255 255 127 255 63 255 127 127 255 
255 255 255 255 255 255 255 255 127 255 127 127 255 255 255 255 255 255 255 127 255 255 255 255 255 255 255 255 255 127 255 255 255 255 255 127 255 63 127 255 255 63 127 255 255 255 63 255 255 127 255 255 255 255 63 63 31 3 0 0 0 255 0 0 0 0 0 0 0 0 0 0 0 0 0 0 0 0 0 0 0 0 0 255 0 0 0 0 0 0 0 127 0 0 255 3 255 255 63 63 255 255 31 63 255 31 255 127 255 255 255 255 255 63 127 255 127 255 255 255 255 255 255 255 127 255 255 255 255 255 255 63 255 63 127 255 255 31 63 255 255 127 255 255 255 255 63 63 255 127 
255 255 255 255 255 255 127 255 255 255 127 255 127 255 255 255 255 255 255 255 255 255 255 255 255 255 255 255 255 255 255 255 255 255 255 255 127 255 255 255 255 255 63 63 127 127 255 255 255 255 255 255 127 255 127 255 63 31 3 0 15 0 0 0 0 0 255 0 0 0 0 0 0 0 0 0 0 0 0 0 0 0 0 0 0 0 0 0 63 0 0 0 0 15 255 127 127 63 255 255 255 0 255 127 127 255 127 31 255 255 255 255 255 255 255 255 255 255 255 255 127 255 63 127 255 255 255 255 255 255 255 127 127 127 255 63 63 255 255 255 255 255 255 255 255 255 255 255 255 255 
255 255 255 255 255 255 255 255 127 255 255 255 255 255 255 255 127 255 127 255 127 255 255 255 127 127 255 255 255 255 255 255 255 255 127 255 255 255 255 255 255 63 127 255 255 255 127 255 127 255 127 255 255 127 255 255 127 7 0 0 63 0 0 0 0 0 255 0 0 0 0 0 0 0 0 255 0 0 0 0 0 0 0 0 0 7 0 0 255 0 0 3 0 31 63 127 255 255 255 255 255 255 127 63 255 127 127 255 255 127 63 127 63 63 255 127 255 255 127 127 255 127 255 63 255 127 255 255 127 127 255 255 255 255 255 255 127 127 127 127 127 255 255 127 255 127 127 255 127 255 
255 255 127 255 255 127 127 255 255 255 255 127 127 255 127 255 255 255 255 255 255 255 255 127 255 255 255 255 255 255 127 255 255 255 255 255 127 255 255 127 127 255 255 255 127 127 255 127 127 255 127 127 255 255 255 255 127 7 255 3 0 0 0 0 0 0 0 0 0 0 0 255 0 0 0 0 0 3 0 0 0 0 0 0 0 0 0 0 0 0 255 63 15 255 127 255 127 63 63 127 255 31 255 255 255 255 255 255 127 127 127 255 127 255 255 255 255 127 255 63 255 255 127 255 255 63 63 255 255 127 255 255 255 255 127 127 255 255 255 127 255 255 255 255 127 255 255 255 255 255 
255 255 255 255 255 255 255 255 127 255 255 255 255 255 255 255 255 127 255 255 255 255 255 255 127 255 255 255 255 127 255 255 255 255 127 127 255 127 255 127 255 255 255 255 255 127 127 127 255 127 127 255 127 127 31 63 255 255 31 3 0 0 3 3 3 255 0 0 0 0 0 63 0 7 0 0 0 3 0 255 0 0 0 0 0 0 0 0 0 15 31 3 255 255 255 63 63 127 127 127 255 63 255 255 255 255 255 255 255 255 255 255 255 63 127 63 127 255 255 255 255 255 255 127 127 255 255 255 255 127 255 255 127 255 255 255 255 255 255 255 127 255 127 255 255 127 255 127 255 255 
255 255 255 255 255 127 255 255 255 127 255 255 127 255 255 255 127 255 255 127 255 255 255 255 255 255 255 127 127 255 255 31 255 255 255 255 255 255 127 255 255 127 63 255 255 255 127 255 255 255 127 63 127 127 255 63 127 127 63 0 127 255 255 0 1 255 0 0 0 0 0 0 0 0 0 0 255 0 0 0 0 0 1 0 0 0 0 0 0 0 7 31 3 255 63 127 0 255 255 127 0 63 63 255 127 255 255 255 255 255 255 127 255 127 127 0 127 63 63 255 255 127 255 255 255 255 255 255 255 255 255 127 127 63 255 255 127 255 255 255 255 255 255 255 255 255 255 255 255 255 
255 255 127 255 255 255 255 255 255 255 127 255 255 255 127 255 255 255 255 255 255 255 255 127 127 255 255 127 255 127 255 255 255 255 255 31 255 255 255 255 127 255 127 63 127 255 255 127 255 63 0 255 63 255 255 63 127 255 255 15 0 1 1 0 3 0 127 0 0 0 255 0 0 0 0 31 31 0 3 0 0 255 3 127 7 1 0 0 0 7 31 255 7 63 63 255 63 255 255 255 255 31 255 255 255 63 127 127 255 255 127 127 255 255 0 255 255 255 31 255 127 63 255 127 255 255 255 63 127 127 255 255 255 255 255 255 63 255 255 127 255 255 255 255 255 255 255 255 255 127 
127 127 255 127 255 127 255 255 255 255 255 255 127 255 255 127 255 127 255 127 255 127 255 255 255 255 255 255 255 127 63 255 127 255 255 127 255 255 127 127 255 127 255 255 255 63 255 127 255 255 63 31 255 255 255 127 127 255 255 255 31 1 0 1 0 0 127 255 31 3 0 0 31 1 7 255 31 0 15 31 31 63 7 7 7 7 255 255 31 127 127 127 63 63 63 255 31 63 127 127 127 31 255 255 255 255 255 127 127 63 255 127 255 0 255 255 127 127 255 255 255 255 255 255 63 127 63 255 255 127 255 255 255 255 127 127 255 255 127 255 127 255 127 255 127 255 255 255 255 127 
255 127 127 255 255 127 255 255 255 127 127 127 255 255 255 127 255 255 255 255 255 127 255 255 255 255 255 255 127 255 255 255 255 255 255 127 127 255 255 255 255 255 255 127 127 255 127 255 255 255 255 63 127 63 127 255 255 127 255 7 1 0 15 0 0 0 255 127 15 3 0 15 127 127 255 255 63 31 255 3 63 15 15 7 0 255 255 127 63 127 255 255 255 255 255 255 127 63 63 255 255 255 255 255 255 127 255 255 255 255 255 255 63 255 63 255 255 255 255 255 255 255 63 127 127 255 255 255 255 255 31 255 127 255 255 255 255 255 255 255 255 127 255 255 255 255 255 255 255 255 
255 255 255 255 255 255 255 255 127 0 255 255 255 127 255 255 127 255 255 255 255 255 255 255 255 255 255 255 255 255 255 255 255 127 127 255 255 255 255 255 127 255 127 255 255 255 255 255 255 63 127 255 127 255 0 63 127 127 255 15 15 255 63 255 0 63 255 31 1 0 255 127 63 255 7 255 255 31 255 127 255 7 0 255 255 63 127 127 255 255 127 255 255 127 255 127 255 255 0 255 63 255 31 255 255 255 255 255 255 255 63 255 127 127 255 63 255 255 127 255 127 255 255 127 255 255 127 255 127 255 127 255 127 255 255 255 255 255 127 255 255 255 255 255 255 127 255 255 127 255 
255 255 255 255 255 255 127 255 127 31 255 255 255 255 255 255 255 255 255 255 255 255 127 127 255 255 127 255 127 255 255 255 127 255 255 255 255 255 255 127 127 255 127 127 127 255 255 255 127 127 127 255 255 127 255 255 255 127 255 255 255 7 255 255 255 255 63 127 63 255 31 255 63 127 127 63 0 0 0 127 255 7 255 0 127 255 127 255 63 63 63 255 255 127 31 31 127 255 63 255 63 127 255 63 255 63 127 255 255 127 255 255 255 255 63 255 255 127 63 255 255 127 255 255 255 255 255 127 255 255 255 255 255 255 255 255 127 255 255 255 255 255 255 255 255 255 255 255 255 127 
0 255 255 255 255 127 127 255 255 255 255 255 255 255 255 255 255 255 255 255 127 255 255 255 255 255 127 0 127 255 127 255 63 255 255 255 255 127 63 255 255 255 127 255 255 255 127 63 0 255 127 255 255 255 127 127 127 255 255 127 255 127 255 63 127 31 7 255 255 255 255 31 127 127 255 255 31 255 63 255 127 255 127 255 31 255 255 127 63 127 127 31 255 63 255 255 255 255 31 63 255 255 255 255 127 255 63 63 127 255 255 255 255 255 255 63 127 127 255 255 255 255 63 255 63 255 255 255 255 255 255 255 255 255 127 255 255 127 255 127 255 255 255 127 255 255 255 127 127 255 
127 127 255 255 127 255 255 255 127 127 255 255 255 255 255 255 127 127 255 127 255 255 255 255 255 255 127 255 255 255 255 255 255 127 255 63 255 255 255 127 255 255 255 63 127 255 255 255 255 255 255 255 127 63 255 255 255 255 255 63 255 127 127 255 255 127 31 127 255 127 127 63 255 255 255 31 127 127 255 15 127 127 255 31 63 255 63 63 127 255 255 255 63 255 63 63 255 63 127 255 255 255 255 255 255 127 255 255 255 255 127 255 31 255 127 255 255 255 255 255 127 127 127 127 255 127 255 255 255 127 255 255 127 255 255 255 255 255 255 127 255 255 255 255 255 255 255 255 127 255 
255 255 255 127 255 255 255 127 255 255 127 127 255 255 255 255 127 255 255 127 255 127 255 127 255 127 0 63 255 255 255 255 63 127 127 255 255 255 255 255 255 127 127 255 255 255 255 255 127 127 127 127 255 255 127 255 255 255 255 127 255 255 255 31 255 255 255 63 255 127 127 255 127 127 0 63 63 127 255 255 255 255 63 63 255 127 255 255 63 255 255 255 255 127 127 255 255 255 63 255 31 255 127 255 255 255 255 255 63 255 255 127 255 63 255 127 255 255 255 255 127 127 255 255 255 255 255 255 255 255 255 127 255 255 255 255 127 255 255 255 255 255 255 255 255 255 127 255 255 255 
127 255 255 255 255 255 255 255 127 255 255 255 127 255 127 255 255 255 255 255 255 127 255 255 127 63 63 63 255 255 255 255 255 255 255 255 255 255 255 127 127 255 127 255 255 255 255 255 127 127 255 255 255 255 255 127 255 127 127 255 127 255 255 255 255 127 63 255 127 127 63 255 127 127 127 63 1 255 255 255 255 255 255 63 255 63 31 255 127 255 255 127 127 255 63 255 255 255 255 127 255 63 255 255 255 255 255 255 127 63 127 255 255 255 31 255 255 255 63 63 127 255 31 255 255 255 255 255 255 255 255 255 127 255 0 255 255 255 127 255 255 255 255 255 127 255 255 255 255 127 
255 127 127 255 255 255 255 127 255 255 127 255 255 255 255 255 255 255 255 255 255 255 255 255 255 255 255 63 127 127 255 255 255 255 255 255 63 127 127 255 255 255 255 127 255 127 255 255 255 255 255 255 255 127 127 255 255 255 0 127 255 31 255 127 63 255 255 255 127 255 255 63 127 63 127 255 63 255 255 255 127 63 255 255 255 255 255 0 63 63 127 255 255 255 255 255 255 127 255 255 255 255 127 255 31 255 31 127 255 255 255 255 255 255 255 127 255 255 255 127 255 127 255 127 127 255 255 255 255 255 255 255 255 255 127 255 255 127 255 255 255 255 127 127 255 255 255 255 255 255 
127 255 127 255 255 255 255 127 127 127 255 255 255 255 255 255 127 255 255 255 255 255 255 255 255 127 127 127 255 127 255 127 255 127 127 127 255 127 255 255 255 255 127 255 127 255 127 255 255 63 255 127 127 127 255 127 255 255 127 255 127 127 127 127 255 255 255 255 255 255 127 255 255 255 31 255 63 63 255 127 255 255 255 255 255 255 255 127 255 255 0 255 31 255 63 127 127 255 255 255 255 127 255 127 255 127 255 255 255 255 63 255 127 255 255 255 255 255 255 255 31 127 127 255 255 127 255 255 255 255 255 255 255 255 127 255 255 255 127 255 127 127 255 255 255 255 255 255 255 255 
255 255 255 255 255 255 127 255 255 127 255 255 255 255 255 127 255 255 255 127 255 255 255 63 127 255 255 255 255 255 255 127 127 255 255 255 255 255 255 255 255 127 255 255 255 255 255 255 255 127 255 255 255 255 127 255 255 255 255 255 255 255 31 255 127 127 255 63 255 127 255 255 255 255 31 31 0 255 15 255 63 127 31 63 127 255 255 255 255 255 255 255 255 127 255 63 255 255 63 255 255 127 255 255 255 255 255 255 255 255 127 255 255 63 255 255 255 0 63 255 127 255 255 255 255 255 127 255 255 255 255 255 255 255 255 255 255 127 255 255 255 255 255 255 127 127 255 255 255 255 
255 255 255 127 255 255 255 255 255 63 255 255 255 255 255 255 255 127 255 255 255 255 63 127 255 255 255 255 255 127 127 255 255 255 255 255 255 255 127 255 127 127 127 255 255 255 127 255 0 255 63 255 255 255 255 255 255 127 255 255 127 255 127 255 127 127 255 255 15 255 63 127 255 255 127 255 15 255 255 127 255 127 255 63 255 127 63 255 255 255 255 255 255 255 255 255 63 255 255 127 255 63 255 255 255 255 255 255 127 127 255 255 255 255 127 255 127 255 127 255 255 255 255 255 255 127 255 255 127 127 127 127 255 127 255 255 255 255 255 255 255 255 127 127 127 255 255 127 255 255 
255 255 255 255 255 255 255 255 255 255 255 255 127 255 255 255 255 255 127 255 255 255 255 255 255 255 255 63 127 255 255 255 127 255 255 255 127 255 255 255 255 255 255 255 127 127 127 127 255 255 255 127 255 127 127 255 63 255 127 127 127 0 255 127 31 255 255 255 255 255 127 63 127 63 31 127 15 255 255 127 255 255 255 127 127 255 255 63 127 63 255 127 127 255 255 255 127 127 255 255 255 255 63 127 63 255 127 255 255 255 255 255 255 63 255 127 255 127 255 127 255 127 255 255 127 255 255 255 255 255 255 255 255 255 255 255 255 255 255 255 255 255 255 255 255 255 255 255 255 255 
127 255 255 255 255 255 255 127 127 255 255 255 255 255 255 63 127 127 255 127 255 255 255 255 63 127 127 255 255 127 255 255 255 127 255 255 255 255 255 255 255 255 127 127 255 255 255 255 255 255 255 127 127 255 255 255 255 255 255 63 127 127 127 255 127 255 255 255 127 255 255 255 255 255 255 127 63 63 127 255 255 255 255 255 255 0 127 127 255 255 127 255 63 255 0 127 255 255 255 255 255 255 255 127 255 127 255 255 63 255 255 127 127 127 255 255 255 127 255 255 127 255 255 127 255 127 255 255 255 255 255 255 255 255 255 255 255 255 255 255 255 127 255 255 255 255 127 127 255 255 
255 255 255 255 255 255 255 255 255 255 255 255 255 127 127 255 255 255 255 255 255 255 255 127 255 255 255 255 255 255 255 127 127 255 127 255 255 255 255 127 127 255 255 255 255 255 255 255 255 127 127 255 255 127 255 255 255 255 127 255 255 255 63 127 127 127 255 255 255 255 127 255 255 255 127 255 255 127 63 127 63 255 255 127 255 255 255 255 255 255 255 127 127 63 127 63 63 255 255 255 127 255 255 255 255 255 255 255 127 63 255 127 255 255 255 255 255 255 127 255 255 255 127 255 255 255 255 255 255 255 255 255 255 255 255 127 255 255 255 255 255 255 255 127 255 255 255 255 255 255 
127 255 255 127 255 127 255 255 255 255 255 127 127 255 255 255 255 255 255 255 255 255 127 255 255 255 255 255 255 255 127 255 255 127 255 255 255 127 127 255 255 127 255 255 255 127 255 255 255 255 127 255 63 255 127 255 127 31 255 255 255 255 255 255 255 255 31 255 127 255 31 255 127 255 31 127 255 255 255 255 255 127 255 63 127 255 63 255 255 255 127 127 255 255 63 127 63 255 127 127 255 255 255 255 255 255 127 255 127 255 255 255 255 255 255 255 127 127 255 127 255 255 255 255 127 255 255 255 255 127 255 127 127 255 255 255 255 255 255 255 255 255 255 127 255 255 255 255 255 255 
255 127 255 0 255 255 255 127 255 127 255 127 255 255 255 255 255 127 127 255 255 255 255 255 255 255 63 127 255 255 255 255 255 255 255 127 63 255 255 255 127 255 255 127 255 127 255 255 255 255 255 255 255 127 255 255 31 255 255 255 255 127 127 255 0 127 255 255 255 63 127 63 255 255 63 255 255 255 127 255 255 255 127 255 255 255 63 127 127 255 255 0 255 255 255 127 127 127 255 31 127 255 255 255 127 127 255 127 255 255 255 255 255 127 255 255 255 127 255 255 255 127 255 255 255 255 255 127 255 255 127 127 255 255 255 127 255 255 127 255 127 255 255 255 127 255 127 127 255 255 
255 255 255 255 255 255 127 255 127 255 255 255 255 63 127 127 127 255 255 255 255 255 255 255 127 127 127 255 255 255 255 255 255 63 255 255 255 255 255 255 255 127 127 255 63 255 255 255 255 63 127 127 127 255 255 255 255 63 127 63 63 255 255 255 255 255 255 127 127 255 255 255 127 255 63 63 255 127 255 255 127 255 255 255 127 127 255 63 255 255 255 255 255 127 127 255 255 255 255 255 255 255 127 63 255 255 255 255 255 255 127 255 127 255 255 255 255 255 255 255 127 127 255 255 255 255 255 255 255 255 255 255 255 255 255 255 127 255 127 255 255 255 255 127 255 255 127 255 255 255 
255 127 255 255 255 255 255 255 255 255 127 255 127 255 127 255 255 255 127 255 255 127 127 255 255 255 255 63 255 255 255 255 255 255 255 255 255 255 127 127 127 255 255 255 255 127 255 127 255 127 255 255 127 255 255 0 255 127 255 255 63 255 63 63 63 127 255 255 127 255 255 255 255 127 255 127 255 255 127 127 255 255 127 255 127 255 255 255 255 255 127 127 255 255 255 255 255 255 255 255 127 255 255 255 255 255 255 255 127 255 255 255 127 255 255 255 255 255 255 255 255 255 127 255 127 255 127 255 255 255 255 255 255 255 255 255 255 255 255 255 255 255 255 127 255 255 255 255 255 255 
255 255 255 255 127 255 255 255 255 255 255 255 127 255 255 255 255 63 255 127 255 255 127 255 127 255 255 255 127 127 255 255 255 255 127 127 255 127 255 255 255 255 255 255 255 127 255 255 127 255 255 127 15 127 255 127 255 255 255 255 255 255 255 127 255 255 255 255 255 255 255 255 255 255 255 255 255 255 255 127 127 127 255 127 255 255 255 255 255 255 255 255 255 255 255 127 127 127 255 255 255 255 255 255 255 255 255 255 255 255 255 127 255 127 255 255 255 127 255 255 255 255 255 255 127 255 255 127 127 127 255 255 127 255 255 255 255 255 255 255 127 127 255 255 255 255 255 255 255 255 
0 127 255 255 255 255 127 255 127 255 255 255 127 255 255 255 255 127 127 255 255 255 255 255 255 127 127 127 255 255 255 255 255 255 255 255 127 255 255 127 255 255 255 127 127 255 255 255 255 127 255 127 127 255 255 255 127 255 255 255 127 31 127 255 31 255 255 255 127 127 127 255 255 255 255 255 255 127 255 127 255 255 127 255 255 127 127 127 255 255 255 255 255 255 255 127 127 63 255 127 127 255 255 255 255 255 255 255 255 255 255 255 255 255 255 127 127 255 255 255 127 255 255 255 255 255 255 255 255 255 127 255 255 255 255 255 255 255 255 127 255 255 127 255 127 255 255 127 255 255 
255 255 255 255 127 127 127 255 255 127 255 255 255 255 127 63 0 255 255 255 255 255 255 127 127 255 63 255 255 255 255 127 255 127 255 255 255 255 255 127 255 127 127 255 255 127 255 255 255 127 127 127 255 127 255 127 255 63 255 127 255 31 255 255 255 255 63 255 127 31 127 255 255 127 255 127 255 255 255 255 255 255 255 127 127 63 255 255 255 127 255 255 127 255 255 255 255 255 255 255 255 127 255 255 255 255 255 255 255 127 255 127 255 255 127 255 255 255 127 255 127 255 127 255 255 255 255 127 255 255 255 255 127 255 255 255 127 255 255 255 255 255 127 255 255 255 255 255 127 255 
255 255 255 255 127 255 255 255 255 255 255 255 127 255 63 255 255 127 255 255 127 127 255 255 255 255 255 127 255 63 127 255 255 127 255 255 255 255 127 127 255 255 255 255 255 255 255 127 127 255 255 255 255 255 255 255 255 255 255 255 127 127 255 255 255 127 255 127 255 127 255 255 127 127 255 255 255 255 255 255 255 127 127 127 255 255 255 255 255 255 255 63 255 255 255 127 255 255 127 127 127 255 255 255 255 255 255 255 127 255 255 255 255 255 255 255 255 127 255 255 255 127 255 255 255 255 255 255 255 255 255 255 255 255 127 255 255 255 255 255 255 255 127 255 255 255 255 255 255 127 
255 255 255 255 255 63 255 255 255 127 255 255 255 255 255 255 255 255 127 255 255 255 63 255 255 255 127 255 127 255 255 255 255 255 255 127 255 255 127 255 255 255 255 255 255 255 255 255 255 255 127 255 255 255 127 255 255 255 255 127 63 31 127 255 255 127 127 255 255 255 127 127 255 255 63 255 255 255 255 127 127 63 255 63 255 255 255 127 255 127 255 127 127 127 63 127 255 255 255 255 255 255 255 127 255 255 127 255 255 127 255 255 255 255 255 127 255 255 255 255 255 255 255 127 255 255 255 255 255 255 255 255 127 255 255 255 255 255 255 255 255 255 255 255 255 255 255 255 127 255 
255 255 255 127 255 127 255 255 255 255 127 255 255 255 255 255 127 127 255 255 127 63 255 127 255 127 127 255 255 255 255 255 127 255 127 127 127 255 255 255 255 255 255 127 255 255 255 255 255 255 255 127 63 127 255 255 255 255 255 255 127 255 255 255 255 255 255 127 127 127 255 255 255 255 255 255 127 127 255 255 255 127 63 255 255 255 127 127 255 127 255 255 255 255 127 255 255 255 127 255 255 255 255 127 127 255 255 255 255 255 255 255 127 127 255 255 255 255 255 255 127 127 255 255 127 255 255 255 255 255 255 255 255 255 255 255 127 127 127 255 255 255 127 255 255 127 255 255 255 255 
255 255 255 255 255 63 127 127 255 127 255 127 255 127 255 255 255 255 255 255 255 255 127 255 63 255 255 255 255 255 255 127 255 255 255 255 255 127 255 127 255 127 255 255 255 255 255 255 127 127 255 31 255 127 255 255 127 127 255 255 255 255 255 127 255 127 127 255 255 255 255 127 255 255 127 127 127 255 255 255 255 255 255 63 31 255 127 255 255 255 255 127 127 255 255 255 255 255 255 255 255 255 255 255 255 255 255 255 255 255 127 255 255 255 255 255 255 127 127 127 255 255 255 255 255 255 255 127 255 255 127 127 255 255 255 127 127 255 255 255 255 255 255 127 0 127 255 127 127 255 
255 255 127 127 127 255 255 255 127 255 127 127 127 255 255 255 255 255 255 127 255 127 255 255 255 63 127 255 255 127 127 255 255 255 255 255 255 127 255 255 255 255 255 127 255 127 255 63 127 255 255 255 255 255 255 255 255 255 255 255 63 255 255 15 255 255 255 255 255 255 255 63 63 127 255 255 255 255 255 255 127 127 255 255 255 255 127 127 255 255 127 255 255 255 255 255 255 255 127 255 255 127 255 255 255 255 255 127 255 127 255 255 255 255 255 255 255 255 255 255 127 255 255 255 255 127 255 255 255 255 127 255 255 255 255 255 255 255 255 255 255 127 255 255 255 255 63 255 255 127 
15 127 255 255 255 255 255 255 127 255 255 255 255 255 255 255 255 63 255 127 255 255 255 255 255 255 127 255 127 255 255 255 255 255 255 127 255 255 255 255 127 255 255 127 255 255 255 255 255 127 255 255 127 255 255 255 255 255 255 255 63 255 127 255 255 127 255 255 127 255 127 255 255 255 63 255 127 255 127 127 255 127 255 255 255 255 127 255 127 255 255 255 127 127 255 127 255 255 255 255 255 255 255 255 255 255 127 255 127 255 255 255 255 127 255 255 255 255 255 255 127 255 255 127 255 255 255 255 255 255 127 127 255 255 255 255 127 255 127 255 127 255 255 255 255 255 255 127 255 255 
255 127 255 127 255 255 255 255 127 255 255 255 255 127 255 255 63 127 255 255 255 255 255 127 255 127 255 255 255 255 255 255 255 255 127 63 255 255 255 255 127 255 255 255 255 255 255 255 255 127 255 127 255 255 255 255 255 255 127 255 255 255 63 255 127 255 255 127 255 255 255 255 255 255 255 255 255 255 255 255 127 127 127 255 255 127 255 63 255 255 255 255 255 127 127 127 255 127 255 255 255 127 127 255 255 255 255 255 127 255 255 255 255 255 255 255 255 255 255 127 127 255 255 255 127 255 255 255 255 255 255 255 255 255 255 127 255 127 255 255 255 63 255 255 255 255 127 255 63 255 
63 255 255 255 127 63 255 255 255 255 255 255 255 127 127 255 255 255 255 255 255 255 63 127 127 255 255 255 255 255 255 127 255 255 255 255 255 255 127 127 127 255 255 127 255 255 255 255 255 127 127 63 255 127 255 255 255 127 255 255 255 127 255 255 127 255 127 255 63 255 255 127 255 127 127 63 255 255 255 127 255 127 255 127 255 255 255 255 255 255 255 255 127 255 255 255 255 255 255 255 255 255 255 255 255 255 255 255 255 255 255 255 255 255 255 255 255 127 255 255 255 255 255 255 255 127 255 255 127 127 255 127 255 255 127 255 255 255 255 255 255 255 63 63 127 255 255 255 255 255 
255 127 127 127 255 255 255 255 255 255 127 127 255 255 127 255 255 127 255 127 255 255 255 255 255 255 255 127 127 127 127 255 255 255 127 255 127 127 127 255 255 255 255 255 255 127 255 255 255 255 255 255 255 255 127 255 255 255 255 255 255 255 63 127 255 255 255 255 255 127 255 63 127 63 255 255 255 255 255 127 127 255 255 255 127 255 255 127 255 127 255 255 255 255 255 255 255 255 127 127 255 127 127 255 255 255 255 255 127 255 255 255 255 255 127 255 127 255 255 255 255 255 255 127 127 255 255 255 255 255 255 63 127 255 255 255 127 255 255 255 255 127 127 255 255 255 255 127 255 127 
127 255 255 255 255 255 255 255 127 255 255 255 255 255 127 127 127 127 255 255 255 255 255 127 255 127 255 255 255 127 127 255 255 255 255 127 255 255 255 255 255 255 255 127 127 255 255 255 255 255 255 127 127 255 255 31 127 255 63 31 127 63 255 255 127 255 255 255 127 127 255 255 255 63 63 127 255 127 255 255 255 255 255 255 255 255 127 255 127 255 255 255 255 255 127 255 255 255 255 255 127 255 255 127 255 255 127 127 255 255 255 255 255 255 255 255 255 255 255 255 127 255 127 255 255 255 255 255 255 127 255 127 255 255 63 127 255 255 255 255 255 127 255 255 255 63 255 127 127 127 
255 127 255 255 255 127 255 255 255 255 255 255 255 255 255 127 255 255 255 255 255 255 255 255 255 127 255 255 255 255 255 255 127 255 255 255 127 255 255 255 255 127 255 255 255 255 255 127 127 255 255 255 255 255 255 255 255 127 127 127 255 63 63 255 127 255 255 255 255 255 255 63 255 255 255 255 127 255 127 255 127 255 255 255 127 127 255 255 255 255 255 255 255 255 255 255 255 255 255 255 255 255 127 255 255 255 255 255 255 255 127 255 255 255 255 255 255 255 127 127 255 255 255 255 255 255 255 127 127 255 255 255 255 255 255 127 127 127 255 255 255 63 255 255 255 127 127 255 255 255 
255 255 255 127 127 255 255 255 255 255 255 255 255 127 255 255 127 255 255 255 127 127 127 255 255 255 255 255 255 127 255 255 255 255 255 255 255 127 127 127 255 255 127 255 127 255 127 255 127 63 255 255 255 127 255 127 255 31 127 255 255 255 255 255 63 127 127 255 255 255 255 255 31 127 255 255 255 63 255 255 255 255 127 127 255 255 255 255 255 255 255 255 255 255 127 255 255 255 255 127 255 255 255 255 255 127 127 255 127 127 255 127 255 255 127 255 255 127 255 255 255 127 255 255 255 255 127 255 127 255 255 255 255 255 127 255 255 255 255 255 255 127 127 63 255 255 255 255 255 127 
255 127 127 255 255 255 255 255 255 127 255 127 255 255 255 255 255 127 255 127 255 127 255 127 255 127 127 127 127 255 255 255 255 255 255 127 255 127 63 255 255 255 255 255 255 63 255 255 255 255 255 255 63 127 127 255 127 255 255 255 31 127 127 127 255 255 255 255 255 255 127 127 255 255 255 255 255 255 255 127 127 255 255 255 255 255 255 255 255 127 255 255 255 255 255 255 127 255 127 255 255 127 255 255 255 255 127 255 255 255 255 255 255 255 255 127 127 255 255 255 255 255 127 255 127 255 255 255 127 255 255 127 127 127 255 255 255 255 255 63 127 255 255 255 255 255 255 127 255 127 
127 255 255 255 255 255 255 127 255 255 255 255 255 255 255 127 127 255 255 255 255 0 255 255 255 63 255 255 255 255 255 255 255 127 127 255 255 255 255 255 127 255 255 127 255 255 255 255 255 127 63 63 255 255 255 63 255 127 255 127 255 255 255 255 255 255 255 255 127 255 255 255 255 127 127 255 127 255 255 255 255 255 255 255 127 255 127 255 255 255 255 255 255 255 255 255 255 255 255 255 255 255 255 255 127 255 255 127 255 255 255 127 255 255 255 255 255 127 255 255 127 127 255 255 255 255 255 255 127 255 127 127 127 127 127 255 255 127 127 255 255 127 255 255 255 255 255 255 255 255 
255 255 255 255 255 127 127 255 255 255 255 255 127 255 255 255 127 255 255 255 255 127 255 127 255 255 255 255 63 127 127 255 255 255 255 255 255 255 0 127 127 255 255 255 255 255 63 255 255 127 255 255 255 255 127 255 127 127 255 255 127 255 127 255 255 255 255 127 255 255 255 255 255 255 127 255 255 255 255 255 255 255 255 255 127 255 255 255 255 255 255 255 255 255 255 255 255 255 255 255 255 255 255 255 255 127 127 255 255 127 127 255 255 255 255 255 255 255 127 127 255 255 127 255 255 255 127 255 255 255 255 255 255 255 255 127 255 255 255 255 127 255 255 127 255 127 255 255 255 127 
127 255 255 63 63 255 255 255 255 255 255 127 255 255 127 127 255 255 127 255 255 127 255 255 255 255 255 255 255 127 127 127 255 255 255 127 255 127 127 255 255 255 255 255 255 255 255 127 127 255 255 255 255 255 255 63 255 255 255 255 255 127 255 255 127 255 255 255 31 255 255 255 63 127 255 255 255 255 255 255 255 255 127 255 255 255 255 255 255 255 127 255 255 127 255 255 255 127 255 255 255 255 255 255 255 255 127 255 127 255 255 255 255 255 255 127 127 127 255 255 255 255 255 63 127 255 255 255 255 255 255 255 255 255 127 255 63 255 255 255 255 127 127 255 255 255 255 255 255 255 
255 127 255 255 255 255 255 255 127 127 127 255 255 255 255 255 255 127 255 63 255 255 255 255 255 127 127 63 255 255 255 255 127 255 63 127 127 127 31 255 255 255 255 127 127 127 255 255 127 255 127 127 127 255 255 255 127 255 255 255 63 127 255 255 255 127 255 255 127 127 127 127 255 255 255 255 255 255 127 255 127 255 255 127 127 127 255 127 255 255 255 255 255 255 255 127 255 255 255 255 255 255 255 255 127 127 255 255 255 255 255 127 255 255 255 255 255 255 255 255 255 255 127 255 255 255 127 127 255 127 127 255 255 127 255 255 255 63 255 127 127 255 127 255 127 255 255 255 127 127 
255 255 255 255 255 255 255 127 255 255 255 255 255 255 127 127 127 255 255 255 127 255 127 255 127 127 255 255 127 255 255 255 255 127 255 255 255 255 63 255 127 127 127 255 255 255 255 255 255 127 127 255 255 255 255 127 255 255 127 127 255 255 255 255 255 255 255 127 255 127 255 127 127 255 255 255 255 255 255 255 255 255 255 255 127 255 127 255 255 255 255 255 255 127 255 255 255 127 255 255 255 127 255 255 255 255 255 255 255 255 255 255 127 255 255 255 255 255 255 255 255 255 255 255 255 255 255 127 127 255 255 255 255 255 255 255 127 127 255 255 255 255 255 255 255 127 255 255 255 255 
255 255 255 255 255 127 255 255 255 0 255 255 255 127 255 127 255 127 255 255 255 127 255 255 255 255 63 255 63 255 255 127 255 255 255 255 15 127 127 127 255 127 255 255 255 255 255 255 255 127 255 255 255 255 255 255 127 255 127 255 255 255 255 255 255 127 255 255 255 255 255 127 255 255 255 255 255 255 255 255 255 255 127 255 255 255 255 127 255 255 255 127 255 255 255 255 255 255 255 255 127 255 255 255 255 127 255 255 255 255 255 255 255 255 255 255 255 127 127 127 255 255 255 255 255 127 255 255 255 255 255 255 255 127 255 127 255 255 255 255 255 255 255 255 63 255 255 255 255 127 
255 127 127 127 255 255 255 255 255 255 255 127 255 255 255 31 0 255 255 255 255 255 255 255 63 255 255 255 255 63 255 255 255 255 255 255 127 63 255 255 255 255 127 255 255 255 127 255 255 255 255 255 255 255 255 127 255 255 63 127 127 127 255 127 127 255 255 255 255 255 255 255 255 255 255 127 255 255 127 255 255 127 255 255 255 255 255 255 127 255 127 255 255 127 127 255 255 255 127 255 255 255 255 255 255 255 255 255 255 255 255 255 255 255 255 127 127 255 255 127 255 255 255 63 127 255 255 255 255 255 255 127 127 255 255 255 63 255 255 255 127 127 127 255 255 255 255 255 255 127 
127 255 255 255 255 255 255 127 255 127 255 255 255 255 255 255 255 63 127 127 255 255 255 255 255 127 127 255 255 255 255 255 255 63 255 63 127 255 255 255 255 255 255 127 255 255 255 255 127 255 255 127 127 255 255 255 255 255 127 127 63 127 255 255 127 255 127 255 255 255 127 255 255 255 255 255 255 127 255 255 255 255 255 255 255 255 255 255 255 255 255 255 255 127 255 127 127 255 255 255 255 255 255 127 127 255 255 255 255 255 255 127 255 127 255 127 255 255 255 255 127 127 127 255 127 255 255 63 127 127 63 255 255 255 255 255 255 255 255 127 127 255 255 255 255 255 127 255 127 255 
255 255 255 255 255 127 255 127 127 255 255 255 255 255 127 127 255 255 255 255 255 255 127 255 255 255 255 255 255 255 255 63 255 127 255 255 255 127 255 255 127 255 255 255 255 255 255 127 63 127 127 255 255 255 255 127 255 127 31 127 255 255 255 255 255 255 255 255 255 127 255 127 255 255 255 255 127 255 255 255 255 255 255 255 127 127 255 255 255 255 255 255 255 255 255 255 255 127 255 255 255 127 255 255 255 255 255 255 127 255 255 255 255 127 255 63 127 255 127 127 255 255 255 255 255 255 255 63 127 255 255 255 127 127 255 127 255 127 255 255 255 255 255 255 255 127 127 255 255 255 
255 255 255 127 255 255 255 255 255 255 63 127 255 127 255 255 255 255 127 255 255 127 255 255 127 127 255 255 255 255 255 255 255 255 127 255 255 127 255 127 255 255 255 255 255 255 255 31 127 255 255 255 255 127 255 255 127 255 255 255 255 255 255 127 255 127 255 255 255 255 255 255 255 255 255 255 255 255 255 255 127 255 127 255 255 255 255 127 255 255 255 255 255 127 255 255 255 255 127 127 255 255 255 255 255 127 255 255 255 255 255 255 127 31 255 255 255 255 63 255 31 255 255 255 255 127 255 255 255 255 255 255 127 255 255 255 255 255 255 255 255 255 255 127 255 255 255 255 255 255 
255 127 255 255 255 255 255 255 255 127 255 127 255 255 255 255 255 255 255 127 255 255 255 255 63 255 127 255 255 255 255 255 127 255 255 127 127 63 255 255 255 255 255 255 127 63 255 255 31 15 255 255 127 255 127 255 255 127 255 255 255 255 127 127 255 255 255 255 255 255 127 127 255 127 255 255 255 255 127 255 255 255 255 255 255 255 255 255 127 255 255 127 255 255 255 255 255 127 255 127 255 255 255 127 255 255 255 255 255 255 255 255 255 255 127 127 255 127 3 63 255 255 255 127 255 255 255 255 255 255 255 127 127 255 127 255 127 255 255 127 127 127 255 255 255 255 255 255 255 63 
255 255 255 255 127 255 255 127 255 255 255 255 255 255 255 127 127 127 255 255 255 255 255 255 255 127 127 255 255 255 127 255 127 255 127 127 255 31 255 255 255 127 255 63 255 63 127 255 127 255 127 255 255 255 255 255 255 255 255 255 255 127 255 255 127 127 255 255 255 127 255 255 255 255 255 255 255 255 255 255 255 255 255 255 255 255 255 255 255 255 127 255 255 127 255 127 255 255 255 255 255 255 127 127 255 255 255 255 255 127 255 255 255 255 127 31 255 255 255 255 63 255 31 255 255 255 255 255 255 127 127 255 255 255 255 255 255 127 255 127 255 255 255 255 255 255 127 127 255 255 
255 255 255 255 255 127 255 255 255 255 255 255 255 63 255 127 255 255 255 255 255 255 255 127 255 127 255 255 255 255 127 127 255 255 255 127 63 255 255 255 127 127 255 255 255 255 63 255 127 127 255 127 255 255 255 255 127 127 127 255 255 255 255 255 255 255 255 255 255 255 255 255 255 255 255 255 255 255 255 255 255 255 127 255 127 255 127 255 255 255 255 255 255 255 127 255 255 127 255 255 127 127 255 255 255 255 255 255 127 127 127 255 255 127 127 255 255 127 255 127 255 255 255 255 255 255 127 127 127 255 255 255 255 255 255 127 255 255 255 255 255 255 255 127 127 255 255 255 255 255 
255 63 255 127 255 255 127 255 255 255 255 127 255 255 127 255 255 255 255 127 255 127 255 255 127 255 255 255 127 255 255 255 255 255 255 255 255 63 255 127 255 63 255 255 255 127 255 127 255 255 255 255 127 127 255 127 255 255 255 255 255 255 255 255 255 255 127 127 255 255 255 127 255 255 255 255 255 255 127 255 255 127 255 127 255 127 255 127 255 127 255 255 255 255 255 255 255 255 255 255 255 255 255 255 255 255 255 255 127 255 0 63 255 127 255 255 127 255 255 255 255 255 127 255 127 255 255 255 255 255 255 255 255 127 255 255 255 255 255 255 255 255 127 255 255 255 255 255 127 255 
255 127 255 255 255 255 255 255 127 255 255 255 255 127 255 255 255 127 255 255 255 255 127 255 255 127 255 255 255 255 255 255 255 255 255 127 127 255 255 255 63 127 255 255 127 31 255 255 255 255 255 255 255 255 255 255 255 255 127 255 127 255 255 255 255 255 255 127 255 255 255 127 255 127 127 255 255 255 127 255 255 255 255 255 127 255 127 255 255 255 255 255 255 255 255 255 127 255 255 255 255 255 255 255 127 255 255 255 127 255 255 255 255 127 127 255 31 63 127 255 255 255 127 127 255 255 255 255 255 255 255 127 127 255 127 255 255 255 127 127 127 255 255 255 255 255 255 127 127 127 
255 255 127 255 255 255 255 127 255 255 255 127 255 127 127 127 127 255 255 255 127 255 255 127 127 127 255 255 127 255 127 255 127 127 255 31 255 255 255 255 255 127 127 31 255 63 255 127 255 255 127 255 255 255 255 255 255 255 255 127 255 127 255 255 255 255 255 255 127 255 255 255 255 255 255 255 255 255 255 255 255 255 255 255 127 127 255 255 255 127 255 255 255 255 127 255 255 255 255 255 255 127 127 255 255 255 255 255 255 255 127 63 255 255 255 255 255 255 255 127 63 255 63 127 255 255 255 127 127 127 255 255 255 255 255 127 127 127 63 255 255 255 255 255 255 255 127 255 255 255 
255 255 127 127 255 127 255 255 255 255 255 127 255 127 255 127 255 255 255 255 255 127 255 255 255 127 255 255 255 127 255 63 255 127 255 255 255 255 127 255 255 255 255 255 255 255 127 127 127 255 255 255 255 255 255 255 255 127 255 255 255 255 127 255 127 127 127 255 255 255 255 255 255 127 255 255 255 255 255 255 255 255 127 255 255 255 255 255 255 255 127 255 255 255 255 255 255 255 255 255 127 255 255 255 255 255 255 255 63 255 255 255 255 255 255 255 127 127 255 255 255 255 255 255 255 127 255 127 255 255 255 255 255 255 255 127 255 255 127 255 127 127 255 127 255 255 255 255 255 255 
63 127 255 127 255 255 255 255 63 255 127 255 255 255 255 255 127 255 255 127 255 255 255 255 127 255 255 127 255 255 255 255 255 255 127 127 127 31 255 255 255 63 255 255 255 31 127 255 255 255 255 255 255 255 127 255 255 255 255 255 255 255 255 255 255 255 255 127 255 255 255 255 127 255 255 255 255 127 255 127 255 255 255 255 127 255 255 255 255 255 255 255 255 255 255 255 127 255 255 255 255 255 127 255 127 127 255 127 255 255 255 255 255 255 127 255 127 255 63 255 255 255 255 127 127 255 255 255 255 255 255 127 255 127 255 255 255 255 255 255 255 127 255 255 127 255 255 255 255 255 
255 255 255 255 255 255 255 127 255 127 255 63 255 255 255 255 127 127 127 255 255 255 127 127 127 255 255 255 255 31 255 255 255 255 127 255 255 255 255 127 255 127 255 255 255 31 255 255 255 255 255 127 255 127 255 127 255 255 127 127 255 255 127 255 255 255 255 255 255 127 127 127 255 255 255 255 255 255 255 255 255 255 255 255 255 255 127 255 127 255 255 255 255 255 255 255 255 255 255 255 127 255 255 127 255 255 255 255 255 255 255 255 255 127 63 255 63 63 127 255 127 255 255 255 255 255 63 255 255 127 127 255 63 127 255 255 255 255 127 127 255 255 255 255 255 255 255 63 127 255 
255 255 255 255 255 255 127 255 255 255 255 255 255 255 255 127 255 255 255 255 255 255 127 127 127 255 255 127 127 255 127 255 127 127 255 255 255 255 0 255 255 63 255 255 127 255 127 255 127 127 127 255 255 255 255 255 255 127 127 255 255 255 255 255 255 255 255 255 255 255 255 255 255 255 255 255 127 255 255 255 255 255 255 127 255 255 127 255 255 255 255 255 127 255 255 255 255 255 255 255 255 127 63 255 63 255 255 255 255 127 127 255 255 255 255 127 255 255 127 127 255 255 255 255 255 255 255 127 127 255 255 127 255 255 255 127 127 63 63 255 255 255 255 255 255 127 255 255 255 127 
255 255 255 127 255 255 255 255 255 255 255 127 127 127 255 255 255 255 255 255 127 127 255 255 255 255 255 255 255 63 255 0 255 127 255 255 255 0 127 127 255 255 255 255 255 127 255 127 255 255 255 127 255 255 255 255 127 255 255 255 127 255 127 127 255 255 255 255 255 255 255 255 255 255 127 255 255 127 255 127 255 255 127 255 255 255 255 255 255 127 255 255 255 255 255 255 255 255 31 127 15 255 255 255 255 63 255 63 127 127 255 255 255 255 255 255 255 127 255 255 127 255 255 255 127 127 127 255 127 255 255 127 255 127 255 255 255 255 255 255 127 255 127 63 255 255 255 255 63 255 
