255 255 255 255 127 255 255 255 255 255 255 255 255 255 255 255 255 255 255 255 127 63 255 255 255 255 63 255 127 127 127 255 127 255 255 255 255 255 127 255 255 127 255 127 255 255 127 255 255 255 255 255 255 63 127 255 127 255 255 255 255 255 255 255 255 127 255 127 127 127 255 255 255 255 127 255 127 255 255 63 127 127 127 255 255 255 255 255 255 255 255 255 255 127 255 0 255 255 255 255 255 255 255 255 127 255 127 127 127 127 255 255 255 255 255 255 255 255 255 127 127 127 127 255 255 255 255 255 255 127 255 255 255 127 127 127 127 255 255 255 255 255 255 255 255 127 255 127 127 255 
255 255 255 255 255 255 255 255 255 127 255 127 127 255 255 255 255 255 255 255 255 255 127 127 127 255 255 255 255 255 255 127 255 255 255 127 255 127 255 127 255 255 255 255 255 255 255 255 127 255 127 255 255 255 255 255 255 255 255 255 255 255 255 255 255 255 255 255 255 255 255 255 255 255 255 127 255 255 255 255 255 127 255 255 255 255 255 255 127 255 255 255 255 255 255 255 255 255 255 63 255 255 127 255 255 255 255 255 255 127 255 255 255 255 255 255 255 255 255 255 255 255 255 255 255 127 255 255 127 255 255 255 255 255 255 255 255 255 63 127 255 255 255 255 255 255 255 255 255 255 
255 255 127 127 255 255 255 127 255 255 255 255 255 31 63 127 127 127 255 255 255 255 255 255 255 63 255 31 255 127 255 255 255 255 255 255 255 255 255 255 255 255 127 127 255 127 255 255 127 255 255 255 255 255 0 63 255 255 255 255 255 255 255 127 255 127 255 127 255 255 255 255 127 127 127 127 255 255 255 255 127 255 255 127 255 255 127 255 255 255 255 255 255 127 255 127 255 255 255 255 255 255 255 255 255 255 255 127 255 255 255 255 255 255 255 255 255 255 255 255 127 255 255 255 255 255 127 255 255 255 255 255 255 255 127 255 255 255 255 255 127 127 255 127 255 255 255 255 255 255 
255 255 255 255 255 255 255 255 255 255 255 255 127 255 255 255 255 255 255 255 255 255 255 127 255 255 255 255 255 255 255 127 255 255 127 255 255 255 255 255 255 255 255 255 255 127 127 255 63 127 255 255 255 255 255 255 127 255 127 255 255 127 255 255 255 255 255 255 255 255 127 255 255 127 255 127 255 255 255 255 255 255 255 255 255 255 127 255 255 255 255 255 255 255 255 255 255 255 255 127 127 255 255 255 255 127 255 255 255 255 255 255 127 127 127 255 255 255 255 255 255 255 255 255 255 255 127 255 31 255 255 255 255 255 255 255 255 255 255 255 127 127 255 255 255 255 255 255 255 255 
255 255 255 255 255 127 63 255 31 255 255 127 255 255 255 255 255 127 255 255 255 255 255 255 255 255 255 255 127 255 127 255 255 127 255 127 255 255 255 255 255 255 127 255 255 255 255 255 255 255 255 255 255 127 255 255 127 255 255 255 255 255 255 255 255 127 255 255 255 255 255 255 255 255 255 255 255 255 255 127 255 255 127 255 255 255 255 255 255 127 255 255 255 255 255 255 255 255 255 255 255 255 127 255 255 255 255 127 255 255 255 255 255 127 255 255 255 255 127 127 127 255 127 255 255 255 255 255 255 255 255 255 255 127 255 255 255 255 255 255 255 255 127 255 127 255 127 127 255 127 
255 255 255 255 255 255 255 127 127 127 63 63 255 255 255 255 255 255 255 127 255 127 127 127 255 255 255 255 255 255 255 255 255 255 127 127 127 255 255 127 255 255 255 255 255 255 127 63 127 127 255 255 127 255 255 255 255 255 255 127 127 127 127 255 127 255 31 127 255 255 255 255 255 127 127 127 127 127 255 255 255 255 255 255 127 255 255 127 31 255 31 255 255 255 255 255 255 255 255 127 255 255 255 255 0 255 255 255 255 255 255 255 127 255 255 255 255 255 255 255 255 255 255 255 255 255 127 255 255 255 255 255 255 255 127 255 255 255 127 255 255 127 255 255 255 255 255 255 255 255 
255 255 255 127 255 255 127 255 255 255 255 255 255 255 255 127 255 255 255 127 255 255 255 255 255 255 255 255 127 255 255 255 255 255 255 255 255 255 255 255 127 255 255 127 255 255 255 255 255 255 127 127 255 127 63 255 255 255 255 255 127 255 255 255 255 255 255 127 127 255 255 255 255 255 127 255 255 255 63 127 127 127 127 255 255 127 255 255 255 255 127 255 63 127 127 127 127 255 255 255 255 255 127 7 255 255 63 255 127 255 255 255 255 255 255 255 255 255 127 127 63 127 255 127 255 255 255 255 255 255 255 63 127 127 127 255 255 255 255 255 255 255 255 255 127 127 127 127 255 255 
255 255 255 255 255 255 255 255 63 127 127 255 255 255 255 255 255 255 255 255 255 255 255 127 255 255 255 255 255 255 255 255 255 127 255 127 255 255 255 255 255 127 255 255 255 255 127 255 127 255 255 255 255 255 255 255 255 255 255 255 255 127 127 255 255 255 255 255 255 127 255 255 255 255 255 127 255 255 255 255 255 255 255 255 255 255 255 127 255 255 255 255 255 255 255 255 255 255 127 127 255 127 255 255 255 255 255 255 255 255 255 127 255 255 127 255 255 255 255 255 255 255 255 255 127 127 127 255 255 255 255 255 255 255 127 63 255 255 127 255 127 255 255 255 255 127 255 255 255 255 
127 127 127 255 255 255 255 255 255 255 255 255 255 127 127 127 127 255 255 255 255 255 255 127 63 255 127 127 127 255 255 255 255 255 127 127 255 255 31 127 63 255 255 255 255 255 255 255 255 255 255 127 63 127 127 127 255 255 255 255 255 127 255 127 255 127 127 127 255 255 255 127 255 255 255 255 255 127 255 127 127 255 127 127 255 255 255 255 255 255 127 127 255 127 127 255 255 255 255 255 255 255 255 255 255 255 255 127 255 255 255 127 255 255 255 255 255 255 255 255 255 255 255 255 255 255 255 255 255 255 255 255 255 255 255 255 255 255 255 255 255 255 255 255 255 255 255 255 255 255 
255 127 255 255 255 255 255 255 255 255 255 255 255 255 255 255 127 127 255 255 127 127 255 255 255 255 127 255 255 255 255 255 255 255 127 255 255 255 255 255 63 255 255 255 255 255 255 127 255 127 255 255 255 255 255 255 127 255 127 127 127 255 255 255 255 127 255 127 255 255 255 255 255 0 127 127 255 255 255 255 255 255 63 255 255 127 255 127 255 255 255 255 127 255 255 127 127 255 255 255 127 127 255 127 255 255 255 255 255 255 255 127 255 127 255 63 255 255 255 255 255 255 255 255 255 127 127 127 255 255 255 255 255 15 255 255 255 255 255 255 127 255 255 255 255 255 255 255 255 255 
127 255 255 127 255 255 255 255 255 255 255 255 255 255 127 255 255 255 255 255 255 255 255 255 255 255 127 255 255 127 255 255 255 255 255 255 255 255 255 255 127 255 255 127 255 255 255 255 255 255 255 255 255 255 127 255 255 255 255 255 255 255 255 255 255 255 255 127 255 255 255 255 255 255 255 255 255 255 255 127 255 255 255 255 255 255 255 255 255 127 255 255 127 255 127 255 255 255 127 127 255 255 255 255 127 255 255 255 255 255 255 255 255 255 255 255 255 255 127 127 255 255 127 255 255 255 255 255 127 255 255 127 127 127 255 255 127 255 127 255 255 255 255 127 255 255 127 127 127 255 
255 255 255 127 255 255 255 127 127 127 255 255 127 255 255 255 255 255 127 127 255 127 127 255 255 255 255 255 255 255 255 255 127 127 127 127 127 255 255 255 255 255 255 255 255 255 63 63 31 255 255 255 255 127 255 255 255 127 255 255 127 255 255 255 255 255 63 255 255 255 255 127 255 127 63 255 255 255 255 255 255 255 255 255 255 255 255 127 255 255 255 255 255 255 255 255 255 127 127 255 255 255 255 255 255 255 255 255 255 255 127 255 255 255 255 255 255 255 255 255 255 255 255 255 255 127 255 255 255 255 255 255 255 255 255 255 255 255 127 255 255 255 255 127 255 255 255 255 255 127 
127 255 255 255 255 255 255 255 255 255 255 255 127 255 255 127 255 255 255 255 255 255 127 255 255 127 255 127 127 255 255 127 255 255 255 255 255 255 255 127 127 127 255 255 255 255 255 255 127 255 255 255 127 127 127 255 127 255 255 127 255 127 255 255 255 127 127 63 255 255 127 255 255 255 255 255 255 255 127 63 127 255 255 255 255 255 255 255 255 127 255 255 63 63 127 63 255 255 255 255 255 255 255 255 127 127 127 255 127 127 255 255 255 255 127 127 255 63 255 255 127 255 255 255 255 255 255 255 63 255 127 31 255 127 255 255 255 255 255 255 255 255 255 255 63 127 255 63 255 255 
31 255 255 255 255 255 127 255 255 127 255 255 255 255 255 255 255 255 255 255 255 127 255 255 255 255 255 255 255 255 255 255 255 255 127 127 255 255 255 255 255 255 255 255 255 127 255 127 255 255 255 255 255 255 255 127 255 255 255 127 255 255 255 255 255 255 255 255 255 255 255 255 127 255 255 255 255 255 255 255 255 255 255 255 255 127 127 255 255 255 255 255 255 255 255 255 255 127 127 255 127 255 127 255 255 255 255 255 255 255 127 127 255 255 255 255 255 255 255 255 255 255 127 127 127 127 255 255 255 255 255 255 255 63 255 255 127 127 127 255 255 127 255 255 255 255 255 255 255 63 
127 255 127 255 255 255 255 255 255 255 63 63 255 127 255 255 255 255 255 255 127 127 255 255 255 127 127 127 255 255 255 255 255 127 255 255 255 255 127 255 63 255 255 255 255 255 255 255 255 255 255 63 127 127 255 127 255 127 255 255 127 255 255 255 127 127 0 255 255 127 255 255 255 255 255 255 255 255 127 255 127 255 255 255 255 255 255 255 255 255 255 127 255 127 255 255 255 127 255 255 255 255 255 255 255 255 127 255 127 255 255 255 255 255 255 255 255 127 255 255 255 255 255 255 255 255 255 127 255 255 255 127 255 255 255 255 255 255 255 255 255 255 255 255 255 255 255 255 255 255 
255 255 255 255 255 255 255 127 255 255 255 255 255 255 255 255 255 127 255 255 127 255 255 255 255 255 255 255 255 255 255 127 127 255 127 255 255 255 255 255 255 255 255 255 127 255 127 255 255 255 255 255 255 127 255 255 255 127 127 255 255 255 255 255 255 255 255 255 255 127 127 127 127 255 127 255 255 255 255 255 255 255 63 127 127 255 255 127 255 255 255 127 127 127 255 255 255 255 255 255 255 255 255 127 255 255 255 255 255 255 255 127 127 127 255 31 127 255 255 255 255 255 127 255 127 127 255 255 255 255 255 255 127 255 255 255 127 255 127 127 255 255 63 255 255 255 255 255 255 255 
127 255 255 255 255 255 255 255 255 255 255 255 255 127 255 255 255 255 255 127 255 255 255 255 255 255 127 255 255 255 255 255 255 255 255 255 255 255 255 255 127 255 255 255 255 255 255 255 255 255 255 255 127 255 255 255 255 255 255 255 255 255 255 255 255 255 255 127 255 255 255 255 255 255 255 255 255 127 255 127 255 255 255 255 255 255 255 255 255 255 255 127 255 255 255 255 255 255 255 255 255 255 255 255 127 127 255 127 255 255 255 255 255 127 255 255 127 255 127 255 255 255 255 255 255 255 255 255 255 127 127 255 127 255 255 255 255 255 255 255 255 255 255 255 63 255 63 255 255 255 
255 255 255 255 255 127 127 127 127 255 255 255 255 255 255 255 255 255 255 127 127 127 255 255 127 127 255 255 255 255 255 255 255 127 127 127 255 255 255 255 255 255 255 255 127 127 127 127 255 255 255 255 255 255 255 255 255 255 255 127 63 255 255 255 127 255 255 255 255 255 127 127 127 255 127 255 255 255 255 255 255 127 255 255 127 127 127 255 255 255 127 127 255 127 255 255 255 255 255 255 255 127 127 255 255 255 255 255 255 255 255 127 255 255 255 255 255 255 255 255 255 255 255 255 255 255 255 255 255 127 255 255 255 255 255 127 255 127 255 127 255 127 255 255 255 255 255 255 255 127 
255 255 255 255 255 255 255 255 255 255 255 255 127 127 255 255 255 255 255 255 255 255 255 255 127 127 127 127 255 127 255 255 255 255 255 255 255 63 255 63 127 255 255 255 255 255 255 255 255 255 127 127 255 63 255 255 255 127 255 255 127 255 255 255 127 127 255 255 255 255 255 255 255 255 255 255 127 127 63 127 255 255 255 255 255 127 255 127 255 127 31 255 127 255 255 255 255 255 255 255 255 255 127 127 127 255 63 255 255 255 255 255 127 255 255 127 127 0 255 255 127 255 255 255 255 255 255 255 127 255 255 127 255 127 255 127 255 255 255 255 255 127 127 255 127 127 255 255 255 255 
255 255 255 255 127 255 127 255 255 255 255 255 255 255 127 255 255 255 255 255 255 255 255 255 255 255 255 255 255 255 255 255 255 255 255 255 255 255 255 255 255 255 127 255 255 127 255 127 255 255 255 255 255 255 127 255 255 255 255 255 255 255 255 255 255 255 255 255 255 255 255 127 255 127 255 255 255 255 127 255 255 255 255 255 255 127 127 255 255 255 255 255 255 255 255 255 127 127 127 255 255 255 255 255 255 255 255 255 255 127 127 127 127 255 255 255 255 255 255 127 127 63 127 127 127 127 255 255 255 127 255 127 255 255 255 127 127 127 255 255 255 255 255 255 255 255 255 255 127 0 
127 127 255 127 255 255 255 255 255 255 255 127 127 127 127 255 255 127 255 255 255 255 255 255 63 127 255 127 255 255 255 255 255 255 255 255 255 255 63 127 127 255 255 255 255 255 255 255 255 255 127 127 127 255 255 255 255 127 255 255 255 255 255 127 255 127 255 255 127 255 255 255 255 255 255 255 255 127 255 127 255 255 255 255 255 0 255 127 255 127 127 127 255 255 255 255 127 255 255 255 255 255 255 255 255 255 255 255 255 255 255 255 255 255 255 255 255 255 255 255 255 255 255 255 127 255 127 255 127 255 127 255 255 255 255 255 255 255 255 255 255 127 255 255 255 255 255 255 255 255 
255 255 255 255 127 255 127 255 255 255 255 255 255 255 255 255 255 127 255 255 255 255 255 255 255 255 255 255 255 255 255 127 255 255 255 255 255 255 255 255 63 255 127 127 255 127 127 255 255 255 255 255 127 255 255 255 15 127 255 255 0 127 255 255 255 255 255 255 127 255 127 255 255 255 255 255 255 255 255 255 255 127 127 255 255 255 127 255 255 255 127 255 255 255 255 127 255 127 255 255 127 127 255 255 255 255 127 255 127 255 127 127 255 255 255 255 255 255 255 255 255 127 255 127 127 255 255 63 255 127 255 255 255 255 127 255 127 127 255 255 255 255 255 255 255 255 255 255 127 255 
127 255 127 255 255 255 127 255 255 255 127 255 255 255 255 255 255 255 255 255 255 255 255 255 127 255 255 255 255 255 255 255 255 255 255 255 127 255 255 255 255 255 255 255 255 127 255 255 255 255 255 255 255 255 255 255 63 255 255 127 255 255 255 255 255 127 255 255 255 255 255 255 255 255 127 255 255 255 255 255 255 255 255 255 255 63 255 255 255 127 255 127 255 255 255 255 255 255 255 255 255 255 255 127 127 255 255 255 255 255 255 255 255 255 255 255 255 127 255 255 255 255 255 255 127 255 255 127 255 255 127 127 255 255 127 255 255 255 255 255 255 127 127 127 63 255 255 255 255 255 
255 127 255 255 127 255 255 127 255 255 255 255 255 255 255 255 255 255 255 127 127 127 127 255 255 255 255 255 255 255 127 255 63 7 255 31 255 255 255 127 255 127 255 255 127 0 127 255 255 255 255 127 255 255 255 127 255 127 255 127 255 255 255 255 255 255 255 255 255 255 127 255 255 255 255 255 255 255 255 255 255 255 255 255 255 127 255 255 255 255 255 255 127 255 255 127 255 127 127 255 127 255 255 255 255 255 255 255 255 127 255 127 255 255 255 255 255 255 255 255 255 255 127 255 127 255 255 255 255 255 255 255 255 255 255 127 255 255 255 255 255 255 255 255 255 255 255 127 127 127 
255 255 255 255 255 255 127 127 255 255 255 127 127 127 255 255 255 255 127 255 255 255 255 255 127 127 127 127 127 255 255 255 255 255 255 127 255 127 127 127 255 255 255 255 255 255 255 255 255 127 63 127 255 255 255 255 255 255 255 255 255 255 127 127 63 63 127 255 255 255 255 255 255 255 255 127 63 255 127 255 255 255 255 255 127 255 255 255 255 63 127 127 255 255 255 255 255 255 255 255 255 127 127 127 127 255 255 255 255 255 255 255 255 255 127 127 127 127 255 255 255 255 255 255 255 255 255 127 127 127 127 255 255 255 255 255 255 255 255 127 255 255 255 255 255 255 255 255 255 255 
255 255 255 255 255 127 255 255 255 255 255 255 255 255 255 255 255 255 255 255 127 255 255 255 255 255 255 255 255 255 255 127 255 127 255 255 255 255 255 255 255 255 127 255 127 255 255 255 255 255 255 255 255 255 255 255 255 255 255 255 255 255 255 255 255 255 255 255 255 127 127 127 255 255 255 255 255 255 255 255 63 127 127 127 255 255 255 255 255 255 255 255 255 255 127 255 127 127 255 255 255 255 255 255 255 31 127 63 63 127 127 255 255 255 255 255 255 127 127 127 255 127 63 127 255 255 255 255 255 255 127 255 255 255 127 127 63 255 255 255 255 255 255 255 255 255 63 31 0 15 
127 255 255 255 255 127 255 255 255 255 127 127 127 127 255 255 127 255 255 255 255 255 255 255 127 127 127 255 255 255 255 127 127 255 127 255 255 127 127 127 255 255 255 255 255 127 255 255 255 127 255 127 255 255 255 127 255 255 255 127 255 255 255 127 255 255 255 255 255 255 255 255 255 255 255 255 127 127 255 255 255 255 255 255 127 255 255 255 255 127 127 255 255 255 255 255 255 255 255 255 255 255 127 255 255 255 255 255 255 255 255 255 255 255 255 127 255 255 127 255 255 255 255 255 255 255 255 255 255 127 255 255 255 255 255 255 255 255 255 255 255 255 255 127 255 255 255 255 31 255 
255 255 255 127 127 127 255 255 255 255 255 255 127 255 255 255 127 127 255 255 255 255 255 255 255 255 255 255 255 127 255 63 255 255 255 255 255 255 255 63 63 255 127 127 255 127 255 255 255 255 127 255 255 255 255 127 127 127 255 255 255 255 127 255 255 255 255 255 63 255 127 255 127 255 255 255 255 255 255 63 255 127 127 127 15 255 255 255 255 255 127 255 255 255 255 127 127 255 127 255 127 255 255 255 255 255 127 127 127 255 255 127 255 255 255 255 255 127 255 255 127 255 127 255 255 255 255 255 255 255 255 255 255 255 127 127 255 127 255 255 255 255 255 255 0 255 127 255 255 255 
255 255 255 255 255 255 255 255 255 255 255 127 255 255 255 255 255 255 255 255 255 255 255 255 127 255 255 255 127 255 255 255 255 255 127 255 255 255 255 255 255 255 255 255 127 63 255 255 127 255 255 127 255 255 255 255 255 255 255 255 63 127 255 255 255 255 255 255 255 255 255 255 255 255 63 127 255 127 255 127 255 255 255 63 255 255 255 255 127 127 255 255 255 255 255 255 255 255 255 255 127 127 255 127 255 127 255 255 255 255 255 255 255 255 127 127 255 255 255 255 255 255 255 127 255 255 255 255 255 255 127 255 255 255 255 255 255 255 255 127 127 127 255 255 255 255 255 255 255 127 
255 255 127 255 255 255 255 255 255 255 127 255 255 255 255 255 127 255 255 255 127 255 127 255 255 255 127 127 255 127 127 255 255 255 255 255 255 127 255 255 255 255 255 127 127 255 255 255 255 255 127 255 255 255 127 255 127 255 255 255 255 255 127 255 255 255 255 255 255 255 255 127 255 255 255 255 127 255 255 255 255 255 127 127 255 255 255 255 255 255 255 255 255 255 255 255 255 255 255 127 255 255 255 255 255 255 255 255 255 255 127 255 255 255 255 255 255 127 255 255 127 255 255 255 255 255 255 255 255 255 255 255 255 127 255 255 255 255 255 255 255 255 255 255 255 127 255 255 255 127 
255 255 255 255 127 255 255 255 255 255 127 127 127 255 255 127 255 255 255 255 255 255 255 63 255 255 127 255 255 255 255 255 255 255 255 127 255 127 127 255 255 255 255 255 255 255 255 255 127 127 127 127 255 255 255 255 255 255 255 255 255 127 63 255 127 255 255 255 255 127 255 255 255 255 127 127 127 127 255 255 255 255 127 127 255 255 255 127 127 127 127 255 127 255 255 255 255 255 255 255 127 127 127 127 255 255 63 255 127 255 255 255 255 255 127 127 127 255 255 127 127 255 255 255 255 255 255 127 127 127 127 255 255 255 255 255 255 255 255 127 255 255 255 255 255 255 255 255 255 255 
255 255 255 255 255 127 255 255 255 255 255 127 255 255 127 255 255 255 127 255 127 255 255 255 255 255 255 255 255 255 255 127 255 255 255 255 255 255 255 255 255 255 255 255 127 255 255 255 255 255 255 255 255 255 255 255 255 255 255 255 255 255 255 255 255 255 127 63 127 127 255 255 255 255 127 255 255 255 255 255 127 255 63 255 255 255 255 255 255 255 255 255 255 255 127 255 255 255 255 255 255 255 255 255 255 127 255 127 31 255 255 255 255 255 255 255 127 255 255 127 255 127 127 255 255 255 255 255 255 255 255 255 63 127 255 63 255 255 127 255 255 255 255 127 63 255 127 127 255 255 
255 255 255 255 255 255 255 255 127 127 15 255 127 127 255 255 255 255 255 255 255 127 127 255 127 255 255 255 255 255 127 255 255 63 255 127 127 127 255 255 255 255 255 255 255 255 127 127 127 255 127 255 255 255 255 255 255 255 255 255 127 255 127 255 255 255 255 255 255 255 255 255 255 255 255 255 255 255 255 255 255 255 127 255 255 255 255 255 255 127 255 255 255 255 255 255 255 255 255 255 127 127 127 255 255 255 255 255 255 255 255 255 255 255 255 127 255 255 255 255 255 255 255 255 255 255 255 127 255 127 255 255 255 255 255 255 255 255 255 127 255 255 255 255 255 255 255 255 127 127 
255 255 127 127 255 255 255 255 255 255 255 255 255 255 255 127 255 255 255 255 255 255 255 255 255 63 255 255 63 127 255 127 255 255 255 255 255 255 255 127 255 127 127 127 255 255 255 255 255 255 255 255 255 127 127 255 127 255 255 255 255 255 255 255 255 255 255 63 127 255 127 255 255 255 255 127 255 255 255 255 127 63 255 127 255 127 255 255 255 255 255 255 255 255 127 127 255 255 255 127 255 255 255 255 255 255 127 127 31 127 255 255 255 127 63 255 255 255 255 127 127 255 127 255 255 127 255 255 255 255 255 255 127 255 255 127 255 255 255 255 255 127 255 127 255 255 255 255 255 255 
255 255 255 255 127 255 255 255 255 255 255 255 255 255 255 255 255 255 255 255 255 127 255 255 255 255 255 255 255 255 255 255 255 255 255 255 127 255 255 255 255 255 255 255 255 255 255 127 255 255 255 255 255 255 255 255 255 255 255 255 127 255 255 127 255 255 255 255 255 255 255 255 255 127 255 255 127 255 0 255 255 255 127 255 255 255 255 127 127 255 255 127 255 255 255 255 63 255 255 127 127 255 127 255 255 255 255 255 63 127 255 255 255 255 255 127 255 255 255 255 255 127 255 255 255 255 127 255 255 127 255 255 127 255 255 255 255 255 127 127 255 127 255 255 255 255 255 255 255 255 
255 127 255 255 255 255 255 127 255 255 255 255 127 255 255 127 255 255 255 255 255 255 255 255 255 255 127 255 255 255 127 127 255 255 255 63 255 255 255 255 127 255 255 255 255 127 255 255 255 255 255 255 255 255 255 127 127 127 255 63 255 255 255 255 255 255 255 255 127 255 127 255 255 255 255 255 255 255 255 255 255 255 255 255 255 255 255 255 255 255 255 255 127 255 255 255 255 255 255 255 255 255 255 255 255 255 127 255 255 255 255 255 255 127 255 255 255 255 255 255 255 127 127 255 127 255 255 255 255 255 255 255 255 127 255 255 255 255 255 255 255 255 255 255 255 127 127 127 255 255 
255 255 255 63 255 255 255 255 255 127 127 255 255 255 255 127 255 255 255 255 255 127 255 127 255 255 255 255 255 255 127 255 255 255 255 127 127 31 255 31 255 255 255 255 255 255 255 255 127 255 127 63 0 255 255 255 255 127 255 255 127 127 127 127 255 255 255 255 255 255 255 127 255 255 127 127 127 255 63 63 127 127 255 255 255 255 127 127 255 127 255 255 255 255 255 255 255 255 255 255 63 127 127 255 255 255 15 127 255 127 127 255 255 255 127 255 255 255 255 127 255 255 255 127 255 255 255 255 255 127 255 255 255 255 255 255 255 255 255 255 255 127 255 255 255 255 255 255 255 255 
255 255 127 255 127 255 127 255 127 255 255 255 255 255 255 127 255 255 255 255 255 255 255 255 255 255 255 255 127 255 255 255 255 255 255 255 255 255 255 255 255 127 255 255 127 255 255 255 127 255 255 255 255 63 255 255 255 255 255 255 255 255 255 255 255 255 127 127 255 127 255 255 255 255 255 255 255 255 255 255 127 255 127 127 255 255 255 255 255 255 255 255 255 127 127 127 255 255 255 255 255 255 255 127 255 127 255 127 127 255 255 127 255 255 255 255 255 255 31 127 127 63 31 127 255 127 255 255 255 255 255 255 127 127 255 255 127 255 255 255 255 255 127 255 127 127 127 127 255 255 
255 127 255 255 255 255 255 127 63 127 127 127 255 255 255 255 255 255 255 127 255 127 255 127 127 255 255 255 255 255 127 255 255 255 127 127 255 255 127 255 255 255 255 255 255 255 127 255 255 255 255 255 255 255 255 255 255 255 255 255 127 255 127 127 255 255 255 255 255 255 255 255 255 255 127 255 255 127 255 127 255 255 255 255 255 255 255 255 127 255 255 255 255 255 255 255 255 255 255 255 255 127 255 255 255 127 255 127 255 255 255 255 255 127 255 255 255 255 255 255 255 255 255 255 127 255 255 127 255 255 255 255 255 255 255 255 255 127 127 255 127 255 255 255 255 127 255 255 255 255 
31 127 255 127 255 255 255 255 255 255 255 255 127 255 127 127 127 255 255 255 255 255 255 255 255 63 127 255 127 127 255 255 255 255 127 255 127 255 255 255 127 255 63 255 255 255 255 255 255 255 255 255 255 63 31 255 255 255 255 255 255 255 255 255 63 255 127 127 255 255 255 255 127 255 255 255 255 255 63 255 255 127 255 255 255 255 255 255 255 255 255 255 63 127 255 255 255 255 255 255 127 255 127 255 255 255 127 127 255 255 255 255 255 255 255 255 127 255 255 127 255 255 127 255 255 255 255 255 255 255 255 255 255 255 255 255 255 255 255 255 255 127 255 255 255 127 255 127 255 255 
255 127 255 255 255 255 255 127 255 255 255 255 255 255 255 255 255 255 255 255 255 127 255 255 255 255 255 255 255 255 255 255 255 255 255 127 255 255 255 255 255 127 255 255 255 255 127 255 255 255 255 255 255 255 255 255 255 255 63 255 255 255 255 255 255 255 255 255 255 127 255 255 127 255 255 255 255 255 63 255 127 255 255 255 127 127 127 255 255 255 255 255 255 255 255 255 255 127 255 255 255 255 255 255 255 255 127 255 127 255 255 127 255 255 255 255 127 255 255 255 255 255 255 255 127 255 255 127 255 255 255 255 255 127 255 63 63 127 127 255 127 255 255 255 255 255 255 255 255 255 
255 127 255 255 255 63 127 255 255 255 255 255 255 255 255 255 127 255 255 63 255 63 255 255 127 255 127 255 255 255 127 255 255 255 255 255 255 255 255 255 127 255 255 255 255 255 255 255 255 255 127 255 255 255 255 127 255 255 255 255 255 255 255 255 255 255 255 255 255 255 255 255 255 255 255 255 255 255 127 255 127 255 255 255 255 127 255 255 255 255 255 255 255 255 255 255 255 255 255 255 255 127 255 255 255 255 255 127 255 255 127 255 127 255 255 255 255 127 255 255 255 255 255 255 255 255 255 255 255 255 127 127 255 127 255 255 255 255 127 255 127 255 255 127 127 127 255 255 255 255 
127 255 255 255 255 255 255 127 255 127 255 255 255 255 255 255 255 255 127 255 255 255 255 255 255 255 255 255 127 255 255 255 255 127 255 127 255 63 255 255 255 255 255 255 255 255 255 127 63 127 255 255 127 255 255 255 255 255 255 127 255 127 127 255 255 255 255 255 255 127 255 255 127 255 127 255 255 255 127 255 255 255 255 255 255 255 31 127 255 255 255 127 255 255 255 255 255 255 127 127 63 255 255 255 255 127 127 255 255 255 255 255 255 255 255 127 127 255 255 255 255 255 255 255 255 255 255 255 255 255 255 255 255 255 255 255 255 255 255 127 127 255 255 255 255 255 255 255 255 255 
127 255 255 255 255 127 255 255 255 255 255 255 255 127 255 255 255 255 255 255 255 255 255 255 127 255 255 255 255 127 255 255 255 255 127 255 255 255 255 127 255 255 255 255 255 255 127 255 255 255 255 127 127 63 255 127 255 255 255 127 255 127 255 255 255 127 127 255 255 255 255 255 255 255 255 255 255 255 127 255 63 255 255 255 255 255 255 255 255 127 255 127 127 127 127 255 255 255 255 255 255 255 255 255 127 127 255 127 255 255 255 255 255 255 255 255 255 255 127 63 255 127 255 255 255 255 255 255 255 127 63 127 63 127 255 255 255 255 127 255 255 255 255 127 127 127 127 255 255 127 
127 255 255 255 255 255 127 127 127 127 255 255 255 255 255 255 255 255 255 255 255 127 255 255 255 255 255 255 255 255 255 255 255 127 255 127 255 127 255 255 127 255 255 255 255 255 127 255 127 255 127 255 255 255 255 255 127 255 127 255 127 127 255 255 255 255 127 255 255 255 255 255 127 255 127 255 255 255 255 255 255 255 255 255 255 255 255 255 255 255 127 255 255 255 255 255 255 255 255 255 255 255 255 255 255 255 255 255 255 255 127 127 255 255 255 127 255 255 255 255 255 255 255 127 127 127 255 255 255 255 255 255 255 255 255 63 255 127 255 255 255 255 255 255 255 255 127 255 255 127 
127 127 255 255 127 255 255 255 255 255 255 255 63 255 63 127 255 255 255 255 255 255 255 255 255 127 127 255 127 255 255 255 127 255 255 255 255 255 127 127 127 127 127 255 255 255 255 255 127 255 63 63 255 127 127 255 255 255 255 255 255 255 255 255 127 127 255 127 255 255 127 255 255 255 255 255 255 127 127 127 63 63 255 255 255 255 255 255 255 255 255 127 127 255 255 255 255 127 127 255 255 255 255 255 255 255 127 255 255 255 255 255 127 255 255 255 127 127 255 255 255 255 255 255 255 255 255 255 255 127 127 255 255 255 255 255 255 255 255 255 255 255 255 127 127 255 255 255 255 255 
255 255 255 127 255 255 255 255 255 255 255 255 255 255 255 255 255 255 255 255 127 255 255 255 255 255 127 127 127 255 255 255 255 127 255 255 255 255 255 255 255 255 255 255 255 127 127 255 255 255 255 255 255 255 255 255 255 63 127 127 127 255 255 255 255 127 63 255 255 255 255 127 127 127 255 255 255 255 255 255 255 255 255 255 127 255 255 255 255 127 255 255 255 255 255 255 255 127 255 127 255 255 255 255 255 255 255 255 255 255 127 127 255 127 255 255 255 255 255 255 255 255 255 127 255 127 255 127 255 255 255 255 127 255 255 255 255 127 255 255 255 255 255 255 255 255 255 255 255 127 
127 127 255 255 255 255 255 255 255 255 255 255 63 255 127 255 255 255 255 255 255 255 255 255 255 127 255 255 255 255 255 255 127 255 255 255 255 255 255 255 127 127 255 255 255 255 255 255 255 255 255 255 255 255 255 255 255 255 255 255 255 255 255 255 255 255 127 255 255 255 255 255 255 255 255 255 255 255 255 255 255 255 255 255 255 255 255 255 127 255 255 255 255 255 255 255 255 255 255 255 255 255 255 127 127 255 255 255 127 127 63 255 255 255 255 255 127 255 255 255 255 255 255 255 255 255 63 255 127 255 255 255 255 255 255 255 255 255 255 255 255 255 127 255 127 255 255 255 255 255 
255 255 255 127 255 255 255 255 255 255 255 255 255 255 255 255 255 127 255 255 255 255 127 255 255 255 255 255 255 255 255 127 255 255 255 255 127 255 255 255 255 255 255 255 127 127 255 63 255 127 255 255 255 255 127 255 127 255 255 255 127 255 255 255 255 255 255 127 255 255 127 255 127 127 255 63 255 255 255 255 127 255 255 127 255 127 127 255 255 255 255 31 255 255 255 255 255 255 127 255 255 255 255 255 255 127 255 255 255 255 255 255 127 255 127 255 255 255 255 255 255 255 127 255 127 255 255 255 255 255 255 127 255 255 127 255 255 127 255 255 255 255 255 255 255 255 255 255 127 255 
255 255 255 255 255 255 255 255 255 255 255 255 255 127 255 255 255 255 255 255 255 255 255 255 127 255 255 127 255 255 127 255 255 255 255 255 255 255 127 127 255 127 255 255 255 255 255 255 255 255 255 255 127 255 255 255 255 255 255 255 255 255 255 255 127 255 127 255 255 255 255 255 255 255 255 255 255 127 127 63 255 255 255 255 255 255 255 255 255 255 127 127 127 127 255 255 255 255 127 255 255 255 255 127 127 127 127 63 127 255 255 255 255 255 255 255 127 255 127 127 255 63 255 255 127 255 255 127 255 127 127 127 63 255 255 63 255 255 255 255 255 255 255 127 127 255 63 127 255 255 
255 255 255 255 255 127 127 63 127 255 127 255 255 255 255 255 255 255 255 127 255 127 255 255 255 255 127 127 255 255 255 127 255 255 255 127 255 255 255 255 255 255 255 255 127 127 255 255 255 255 255 255 255 255 127 255 255 255 255 127 127 255 255 255 255 255 255 255 255 255 127 127 255 255 255 255 255 127 255 255 255 255 127 255 127 255 255 127 255 255 255 255 255 255 255 255 255 255 255 127 255 255 127 255 255 255 255 255 255 127 255 127 127 255 255 255 255 255 255 255 255 63 255 63 127 127 255 255 255 255 255 255 255 255 255 255 127 127 255 255 255 127 255 255 255 255 255 255 127 255 
127 63 255 255 255 255 255 255 255 255 255 63 127 127 127 255 255 255 255 255 255 127 255 255 127 127 127 127 255 255 255 127 255 255 255 255 255 15 255 31 63 255 255 255 255 255 255 255 255 127 127 127 127 31 255 255 127 255 255 127 127 255 255 255 127 127 127 255 255 255 255 255 255 255 255 255 63 255 127 127 255 255 255 255 255 255 255 255 255 255 255 255 127 255 255 255 255 255 255 255 255 255 255 255 127 255 255 255 255 255 255 255 255 255 255 127 255 255 255 255 255 255 255 255 255 127 255 255 255 127 127 127 255 255 255 127 255 255 255 255 255 255 127 255 255 255 255 255 255 255 
255 255 127 255 255 127 255 255 255 255 255 255 255 255 255 127 255 255 255 255 127 255 255 255 255 127 127 255 255 255 63 255 255 255 255 255 255 255 127 255 255 255 255 127 127 127 255 255 255 255 255 0 255 127 255 127 255 127 127 255 255 255 255 255 127 255 63 255 255 127 127 127 255 255 255 255 255 255 255 255 255 255 63 127 255 127 255 255 255 255 127 255 255 127 255 255 127 127 255 255 255 255 255 255 255 255 255 255 127 127 127 127 255 255 255 255 255 255 127 255 127 127 31 255 127 127 255 255 255 255 255 255 0 255 127 63 255 255 255 255 127 31 255 255 255 255 255 255 255 255 
255 127 255 255 255 255 255 255 255 255 127 127 255 127 255 255 255 255 127 255 255 255 255 255 255 255 255 255 255 255 255 255 255 255 255 255 255 255 255 127 255 255 255 255 255 255 255 255 255 255 255 255 255 255 255 255 255 127 255 127 255 255 255 127 255 255 127 255 255 255 255 255 255 255 255 255 255 255 255 255 255 255 255 255 255 255 127 255 127 255 255 255 127 255 255 255 63 255 255 127 255 255 127 127 255 255 255 127 255 255 255 255 255 255 255 127 255 127 255 255 127 255 255 255 255 255 127 255 127 255 127 127 255 255 127 255 255 127 255 255 255 255 127 127 255 255 255 255 255 255 
255 127 255 255 255 127 255 255 255 255 255 255 255 255 127 127 255 127 127 255 127 0 127 255 255 255 255 255 255 255 127 127 255 255 63 255 255 255 255 255 255 255 255 255 255 255 255 255 127 255 255 127 255 127 255 255 255 127 127 255 255 255 127 255 255 255 255 255 255 255 255 255 255 15 255 127 255 255 255 255 255 127 255 255 255 255 255 255 255 255 127 255 127 255 255 255 255 127 127 255 127 127 255 255 255 255 255 0 127 255 255 127 255 255 255 255 255 255 255 127 255 255 255 127 255 255 255 255 255 255 255 255 255 255 255 255 255 127 255 255 127 127 127 255 255 255 255 255 255 255 
255 255 255 255 255 255 255 255 255 255 255 127 255 255 255 255 255 255 255 255 127 255 255 255 255 255 127 255 255 255 255 255 255 255 255 255 127 127 127 255 255 255 255 255 255 255 255 255 255 255 127 255 255 255 255 255 255 127 63 255 255 255 255 127 127 255 255 255 255 255 127 255 255 255 255 127 255 63 127 255 255 255 255 255 255 255 127 255 255 255 127 127 255 255 255 255 255 127 255 255 255 255 127 127 127 255 255 255 255 255 255 255 255 255 255 127 63 127 255 255 127 255 255 255 127 255 255 127 255 127 127 255 255 127 127 127 255 255 255 255 255 127 255 127 127 255 255 255 255 255 
255 127 255 255 255 255 127 255 127 255 255 255 255 255 255 255 255 255 127 255 255 255 255 255 255 255 255 255 255 255 255 255 127 127 255 255 127 255 255 255 255 255 255 255 255 255 255 255 255 255 255 255 255 255 255 255 127 255 255 127 255 255 255 127 255 255 255 255 255 255 255 127 255 255 255 255 255 255 255 255 255 255 127 255 255 127 255 255 255 255 255 255 127 255 255 127 127 127 255 127 255 127 255 255 255 255 255 255 127 127 127 127 255 127 255 255 255 255 255 255 127 127 255 127 255 255 255 255 255 127 255 255 255 255 127 255 127 127 255 255 255 255 255 255 255 255 255 255 63 127 
127 127 255 255 255 255 255 255 255 255 255 127 127 127 255 255 255 255 255 255 255 255 255 127 255 127 127 127 255 255 255 255 255 255 255 255 63 31 255 127 255 127 63 255 255 255 255 15 63 127 127 63 127 255 255 255 255 255 255 255 255 255 31 255 127 255 31 63 255 255 255 255 255 255 255 127 63 255 127 255 255 255 255 255 255 255 255 255 255 255 255 255 255 255 255 255 255 255 255 255 255 255 255 127 127 127 255 255 255 255 255 127 255 255 127 255 255 127 255 255 255 255 255 255 255 255 255 255 127 255 255 255 255 255 255 255 255 255 255 255 127 255 255 255 255 255 255 255 255 255 
255 255 255 255 255 255 255 255 255 255 255 255 255 255 127 255 127 255 127 127 255 255 127 255 127 255 255 255 63 255 127 255 255 255 255 255 127 255 255 255 255 255 127 127 127 127 255 255 255 255 255 255 255 127 255 127 255 127 127 255 255 127 255 255 255 255 255 127 127 127 255 63 255 255 255 255 255 255 255 63 63 127 127 127 127 127 255 255 255 255 255 255 255 255 127 127 63 127 255 127 255 255 255 255 255 255 255 127 63 255 127 255 63 255 255 255 255 255 255 255 255 127 127 255 255 255 255 255 255 127 255 255 255 127 255 255 127 255 255 255 255 255 255 255 255 255 255 127 127 255 
255 255 255 255 255 255 255 255 255 127 255 255 255 255 255 255 127 255 255 255 255 255 255 255 127 255 255 255 255 255 255 255 255 255 255 255 255 127 255 255 255 255 255 255 0 255 255 255 127 255 255 127 255 255 255 255 255 255 255 255 255 255 127 127 255 255 255 255 255 255 255 255 255 255 255 255 127 255 255 255 255 255 127 255 127 63 127 255 255 127 255 255 255 255 255 127 255 255 255 255 255 255 255 127 255 255 255 255 255 255 127 255 127 127 127 255 255 127 255 255 255 255 255 255 255 127 255 255 127 127 255 255 127 255 127 255 255 255 255 127 127 255 255 127 255 255 255 255 255 127 
255 127 255 127 255 127 255 255 255 255 255 127 127 255 255 255 127 255 127 255 255 127 255 255 255 255 255 255 255 255 255 127 255 255 255 255 255 255 255 255 127 255 255 255 255 255 255 255 255 255 127 255 255 255 255 255 127 127 255 127 255 63 127 255 255 255 255 255 127 255 127 255 255 255 255 255 127 255 255 255 127 255 127 0 127 255 255 255 255 255 255 127 255 255 127 255 255 255 127 255 255 255 255 255 255 255 255 255 127 255 127 255 255 255 255 255 255 255 255 255 255 255 127 255 255 255 127 127 255 127 255 255 255 255 255 255 255 255 255 255 255 127 255 255 255 255 255 255 255 127 
255 127 255 255 255 255 255 255 255 127 255 127 127 255 255 255 255 63 255 255 255 255 127 255 127 127 255 255 255 255 255 255 255 255 255 255 127 255 255 255 255 255 255 255 255 127 255 255 255 255 255 127 255 255 255 255 255 255 255 255 255 127 255 63 127 255 255 255 255 255 255 255 255 255 255 127 127 127 255 255 255 255 255 127 255 255 255 255 255 255 127 255 255 255 127 255 255 255 255 255 255 127 127 255 255 255 255 127 255 255 255 255 127 255 255 127 127 255 255 255 255 127 255 127 255 255 255 127 255 127 255 255 127 63 255 255 255 255 255 255 127 31 127 63 255 255 255 255 255 255 
255 255 255 255 127 255 255 255 255 255 127 255 255 255 255 127 255 255 127 255 255 255 255 127 255 255 127 255 255 127 255 255 255 255 255 255 255 255 127 255 255 255 255 127 255 255 255 255 255 255 255 127 255 255 255 255 255 127 255 127 127 255 127 255 255 255 255 255 255 255 255 255 255 255 255 255 255 255 127 255 127 127 127 127 255 255 255 63 255 127 255 255 255 127 127 255 127 255 255 255 255 255 255 255 255 255 127 63 127 127 255 255 127 255 255 255 255 255 255 255 127 127 127 255 255 255 255 255 127 255 255 255 255 127 127 255 127 255 255 255 255 255 255 255 127 127 127 255 127 255 
255 255 255 255 255 255 127 255 255 127 255 127 127 255 255 255 255 255 255 255 255 255 127 127 127 63 63 255 255 255 255 255 127 255 127 255 127 127 127 255 255 255 255 255 255 255 255 255 127 255 127 127 255 127 255 255 255 255 255 255 255 127 63 255 63 255 255 255 255 255 255 255 255 127 255 255 255 127 255 255 255 255 255 255 255 0 255 255 255 255 255 255 255 255 255 255 255 255 255 255 255 255 255 255 255 255 255 255 255 255 255 255 255 127 255 255 255 255 255 255 255 255 255 255 255 255 255 127 255 255 127 255 255 255 255 255 255 255 255 255 127 127 255 255 255 255 255 255 255 255 
255 255 127 255 255 255 255 255 255 255 127 255 255 255 255 127 127 255 255 127 255 255 255 255 255 255 255 255 127 255 255 255 255 255 255 255 255 255 63 255 255 127 127 127 255 255 255 255 255 255 127 255 255 255 127 63 255 63 255 255 255 127 255 255 255 127 255 255 127 63 127 255 255 255 255 255 255 63 255 63 127 255 127 127 255 255 255 127 255 255 255 255 255 127 127 255 127 127 255 255 255 255 255 255 255 255 127 31 63 127 255 255 255 255 255 255 255 255 255 127 127 127 255 255 255 255 255 255 255 255 255 255 255 127 255 127 255 255 255 255 255 255 255 255 255 127 255 127 255 255 
255 255 255 255 255 255 255 255 255 127 255 255 255 255 255 255 255 255 255 255 255 127 127 127 255 255 255 127 255 255 255 255 255 255 255 127 127 255 255 255 255 255 255 255 255 255 255 127 255 255 255 255 255 127 255 255 255 255 255 255 255 255 127 255 255 255 255 255 255 255 63 255 255 63 255 127 255 255 255 255 255 255 127 255 255 255 127 127 127 255 255 255 255 127 255 255 255 255 127 127 127 255 127 255 255 255 255 255 255 255 255 255 63 255 127 127 255 255 255 255 63 63 127 63 255 127 127 127 255 127 255 255 255 255 255 255 255 255 127 255 127 255 255 127 255 255 255 255 255 255 
255 127 127 255 255 255 255 255 255 255 255 255 255 255 255 127 255 127 255 255 63 255 127 255 255 255 255 255 127 255 127 255 255 255 255 255 255 127 255 255 255 255 255 127 255 255 255 255 127 255 255 255 255 255 255 127 255 255 255 0 255 255 255 255 255 255 255 255 255 127 127 255 255 255 255 255 255 255 255 255 127 255 255 255 255 255 255 255 255 255 255 255 255 255 255 255 127 255 255 255 255 255 255 255 255 255 127 255 127 255 127 255 255 255 255 255 255 255 255 255 127 255 255 255 127 127 255 255 255 255 255 255 255 255 127 255 255 255 255 255 255 255 255 255 255 255 255 255 255 255 
255 255 255 255 255 127 255 255 127 127 255 127 255 255 255 255 255 255 255 255 255 127 255 127 255 255 255 255 255 255 255 255 255 255 255 127 255 127 255 255 255 255 255 63 255 255 255 255 127 255 127 127 127 127 127 255 255 255 255 255 255 127 255 127 255 255 255 255 255 255 255 255 31 255 255 255 31 255 255 255 255 255 63 63 255 255 127 255 127 255 63 63 255 127 255 255 255 255 255 255 255 31 31 255 127 255 255 255 127 255 255 255 127 127 127 127 255 255 31 63 255 127 255 255 255 127 255 127 255 63 255 255 0 255 255 255 255 255 255 255 255 127 255 127 255 255 255 255 255 255 
127 255 255 255 255 255 255 127 255 255 255 255 255 255 255 127 127 255 127 127 255 255 255 255 127 255 255 255 127 255 255 255 255 255 255 255 255 255 255 255 255 255 255 255 255 255 127 255 255 255 255 255 255 255 127 255 127 255 127 255 255 255 255 255 255 127 127 255 127 255 255 255 255 255 127 127 255 127 255 127 255 127 127 255 127 255 255 63 127 255 255 255 255 127 255 255 255 255 255 255 255 255 255 255 255 255 63 127 255 255 255 255 255 255 255 255 255 255 127 127 127 255 255 255 127 255 255 255 255 255 127 127 63 255 63 255 255 255 255 255 255 255 255 255 255 127 127 127 255 255 
255 255 255 127 255 255 255 255 255 127 127 255 127 255 255 255 255 255 255 255 127 127 127 63 255 255 255 255 255 127 255 255 255 63 127 127 127 63 255 255 255 255 255 255 255 255 255 127 127 255 255 31 255 255 255 255 255 255 255 255 255 255 255 255 255 255 255 255 255 255 255 255 127 255 255 255 255 255 255 255 127 255 255 255 255 255 255 255 255 255 255 255 255 255 255 255 255 255 255 255 255 127 255 127 255 255 255 255 255 255 255 255 127 255 255 255 255 255 127 127 255 255 255 255 255 255 255 255 127 255 255 255 255 255 255 255 255 0 255 255 127 255 255 255 255 255 255 255 255 255 
255 255 127 127 255 255 255 255 255 255 255 255 255 255 127 255 255 255 255 255 255 255 255 255 255 255 255 127 63 127 255 255 255 255 255 255 127 255 127 255 127 127 127 127 255 255 127 255 255 255 255 255 255 127 127 63 255 127 255 255 255 255 255 63 255 63 31 127 127 127 255 255 255 255 255 255 255 255 255 127 63 127 63 255 255 255 255 255 255 255 255 63 255 127 63 127 255 255 255 255 255 255 255 63 63 63 127 127 63 255 255 255 255 127 127 255 255 255 63 127 255 127 255 255 255 255 255 255 255 127 255 255 127 255 255 255 255 255 255 255 255 255 255 127 255 255 127 127 255 255 
255 255 127 255 255 255 255 127 255 127 255 255 127 255 255 255 255 255 255 255 255 255 255 255 255 255 255 255 255 127 255 255 127 255 255 127 255 255 255 255 255 255 255 255 255 255 255 255 255 255 255 127 255 255 255 255 127 255 255 127 127 127 255 255 255 255 255 255 127 255 63 127 255 127 0 127 255 255 255 255 255 255 63 255 0 127 127 255 255 127 255 255 255 255 255 255 255 255 127 127 63 255 255 255 255 255 255 255 255 255 255 127 127 127 255 255 255 255 255 127 255 255 255 255 255 127 255 255 127 255 255 255 255 255 255 255 255 127 127 255 255 127 255 255 255 255 255 255 255 255 
127 255 127 255 255 255 255 255 255 255 255 255 255 127 127 255 255 255 255 255 255 255 255 255 255 255 127 255 127 255 255 255 255 255 127 127 255 127 255 127 255 255 255 255 255 31 255 255 255 255 255 255 255 127 255 255 255 255 255 255 255 127 127 255 255 255 127 255 255 127 255 255 255 255 255 255 255 255 255 255 127 127 255 255 63 255 255 127 255 255 255 255 255 127 255 0 255 255 255 255 255 255 255 255 255 255 255 255 255 255 255 255 255 255 255 255 255 255 255 255 255 255 255 127 255 255 255 255 255 255 255 255 255 255 255 255 255 255 255 255 255 255 127 255 255 255 255 255 255 255 
255 255 255 127 255 255 255 127 255 255 255 255 255 255 255 255 255 255 255 255 127 255 255 127 255 255 255 255 127 255 63 255 255 127 255 255 255 255 255 255 255 63 255 255 255 255 127 255 255 63 255 127 255 255 255 255 255 255 255 255 127 255 255 63 255 255 255 255 255 127 255 255 127 255 127 127 255 63 255 127 127 255 255 255 255 255 255 255 127 127 63 255 255 255 255 255 255 255 255 255 127 127 255 255 255 255 255 255 255 255 255 127 255 127 127 255 255 255 255 255 255 255 255 127 255 255 255 255 127 255 127 255 255 255 255 255 255 127 255 127 127 255 255 255 255 255 255 255 255 255 
127 255 127 127 255 255 255 255 255 255 255 255 255 255 127 255 255 255 255 127 255 255 127 255 255 255 127 255 255 255 255 255 255 255 255 127 255 255 255 255 255 127 127 255 255 127 255 255 255 255 255 255 127 255 255 255 255 255 255 255 255 127 255 255 255 127 255 127 255 255 255 255 255 127 255 255 255 255 127 127 127 255 255 255 255 255 0 255 255 255 255 255 63 63 255 255 255 255 255 255 255 255 255 127 127 127 127 127 255 255 255 255 255 127 255 255 255 255 127 127 127 255 255 255 255 255 255 255 255 255 255 63 127 63 255 255 255 255 255 255 127 255 255 255 255 127 127 63 255 255 
127 255 255 255 255 255 127 255 127 127 255 63 255 127 255 255 255 255 255 127 127 255 127 255 255 255 255 255 255 255 255 127 255 31 127 127 255 255 255 127 127 255 255 255 255 255 255 127 255 255 255 255 255 255 255 127 255 255 255 127 255 255 255 255 255 255 255 127 255 255 255 127 255 127 255 255 255 127 255 255 255 255 255 255 127 255 127 255 127 255 255 255 255 255 255 255 255 255 127 127 127 255 255 255 255 255 255 255 127 255 127 255 255 255 255 255 255 255 255 255 255 255 127 127 255 127 255 255 127 255 255 255 255 255 255 255 127 255 127 127 255 255 255 255 255 255 255 255 255 127 
127 255 255 255 127 255 255 255 255 255 255 255 255 127 127 255 255 255 127 255 255 255 255 127 63 63 127 127 255 255 255 255 255 127 255 255 255 255 255 255 127 127 255 255 127 255 255 255 255 255 255 255 127 127 63 255 255 255 255 255 255 255 255 63 127 127 127 255 255 255 255 127 255 255 255 255 255 127 255 127 127 255 127 255 255 255 255 255 255 255 255 63 255 63 127 255 255 255 255 127 255 127 127 127 127 127 255 127 255 255 127 255 127 255 255 255 255 127 255 255 255 255 255 255 255 255 255 255 255 255 255 127 127 255 255 255 255 255 127 255 255 255 255 127 255 255 127 255 255 255 
255 255 255 255 255 255 127 255 255 255 255 255 255 127 255 255 255 255 255 127 255 255 255 255 255 255 255 255 255 255 255 255 255 255 127 255 255 255 255 127 255 255 255 255 255 255 255 255 127 255 255 255 255 255 255 127 255 127 255 127 127 255 255 255 255 127 255 127 255 255 255 0 127 255 127 255 255 255 255 63 127 255 255 255 127 127 127 255 255 255 255 255 255 255 255 255 127 127 127 127 255 255 255 255 255 127 63 63 255 255 255 127 127 127 255 255 255 255 255 255 255 255 255 127 127 255 127 255 255 255 255 255 255 255 63 127 63 127 255 255 255 255 255 255 255 127 255 255 255 127 
127 127 255 255 127 255 255 255 255 255 255 255 127 255 127 255 255 255 255 255 255 255 255 127 255 63 127 127 127 255 255 127 255 255 255 255 255 255 127 63 255 255 255 255 127 255 255 255 255 255 255 127 255 127 255 255 255 255 255 255 255 255 255 255 255 255 127 255 255 255 127 255 255 127 255 255 255 255 127 255 255 255 255 127 255 255 255 255 127 255 255 127 255 127 255 255 255 255 255 255 255 255 255 127 255 255 127 255 255 255 255 255 255 255 255 255 255 127 255 127 255 255 255 255 255 255 255 255 255 255 255 255 255 255 255 255 255 255 255 127 255 255 255 127 255 255 255 255 255 255 
127 255 255 255 255 255 127 255 255 255 63 255 255 255 255 255 255 255 255 127 127 255 127 255 255 255 127 255 127 255 255 127 127 255 255 255 255 255 255 255 255 255 255 255 255 255 127 255 255 255 255 255 255 255 31 255 255 63 255 127 127 255 255 255 255 255 255 255 255 255 255 255 127 255 255 127 255 255 255 127 255 255 255 255 127 255 127 255 255 255 127 255 255 255 255 127 255 255 127 255 255 255 255 127 255 255 255 127 255 255 255 127 127 255 127 255 255 255 255 255 255 255 255 255 255 255 255 255 255 255 255 255 255 255 255 255 255 255 255 255 255 255 255 255 255 127 255 255 255 127 
127 255 255 255 255 255 255 255 255 255 255 255 255 255 255 0 255 255 255 255 255 255 255 255 255 127 255 127 255 255 255 255 255 255 255 255 255 255 127 255 127 255 255 127 255 127 255 255 255 255 255 255 255 255 127 255 127 255 255 255 255 255 255 255 255 127 127 255 255 127 63 63 127 255 255 255 255 255 255 127 255 127 255 255 255 255 63 255 255 255 127 255 63 127 127 255 255 255 127 255 127 127 255 255 255 127 127 255 255 127 255 255 255 255 255 255 255 63 127 63 63 255 255 255 255 255 255 255 127 127 255 127 255 255 255 255 255 255 255 127 127 255 127 255 255 127 255 255 255 255 
255 255 255 255 255 127 127 255 127 63 255 255 255 255 255 255 255 127 127 63 127 127 255 255 255 255 255 255 255 255 255 127 255 127 127 255 255 255 255 255 255 255 255 255 255 255 255 255 255 255 127 255 255 255 255 255 127 255 255 255 127 255 255 255 255 255 255 255 255 255 255 255 255 255 255 255 255 255 255 255 0 255 255 255 255 255 63 255 255 255 255 255 255 255 255 127 255 255 127 127 255 255 255 255 255 255 255 255 255 255 255 255 255 255 255 255 255 255 255 127 255 255 255 127 255 255 255 255 255 255 255 255 255 255 255 127 127 255 127 255 255 255 255 127 255 255 255 255 255 127 
127 255 127 255 255 255 255 255 255 255 255 127 127 127 127 255 255 255 255 255 255 255 127 255 127 127 255 63 255 255 255 255 127 255 255 255 127 127 127 255 127 127 255 0 255 255 255 255 255 127 127 255 63 255 255 127 255 255 255 255 255 255 255 127 127 127 127 255 255 63 255 255 255 255 255 127 127 127 127 63 255 127 255 127 255 255 255 127 255 255 127 127 255 255 255 255 255 255 255 127 255 127 127 127 31 63 255 255 255 255 255 255 255 255 255 255 255 127 127 255 255 255 255 255 255 255 255 255 255 127 255 255 255 255 255 255 255 255 127 255 255 255 255 255 255 255 255 255 127 255 
255 255 255 255 255 255 127 255 255 255 127 255 255 127 255 255 255 255 255 127 255 255 255 255 255 255 255 255 255 255 255 255 255 255 255 255 255 255 255 127 255 255 255 255 127 255 127 255 255 255 127 255 255 63 255 255 127 127 255 255 255 255 255 255 255 255 255 255 255 255 63 127 255 127 255 127 255 255 255 255 255 255 255 127 63 127 127 255 255 255 255 127 255 127 255 127 127 127 127 255 255 255 255 255 63 127 127 255 255 127 255 127 127 255 255 255 255 255 255 255 255 255 127 63 255 255 255 255 255 255 255 255 255 127 63 255 31 127 255 255 255 255 127 255 255 255 255 255 63 255 
127 127 255 255 255 255 255 255 255 255 255 127 63 255 127 255 255 255 255 255 255 255 127 255 255 127 127 127 255 127 255 127 255 255 255 127 255 127 255 255 255 127 255 255 255 255 255 255 255 255 255 255 255 255 255 255 255 255 255 255 255 255 255 255 127 255 255 255 255 255 255 127 255 255 255 255 127 255 127 255 255 255 255 255 255 255 255 255 255 255 127 255 255 255 127 255 255 255 255 255 255 255 127 127 255 255 255 255 255 255 255 255 255 255 255 127 255 255 255 255 255 255 255 255 127 255 255 63 127 255 127 127 255 255 255 255 255 255 255 255 255 127 255 255 255 255 255 255 255 127 
255 255 255 127 255 127 255 127 255 255 255 255 255 255 255 255 255 255 127 255 255 255 255 255 255 255 255 63 255 255 127 255 127 127 255 255 255 255 255 255 255 255 255 255 255 127 255 255 255 255 255 255 255 255 127 255 127 127 255 255 255 255 255 255 255 255 255 255 255 127 255 127 255 127 255 255 255 255 255 255 255 255 255 127 255 127 255 255 255 255 255 255 255 127 255 127 255 255 127 255 255 127 127 255 255 255 255 255 127 255 127 127 127 255 255 255 255 255 255 255 255 255 127 255 127 255 127 255 255 127 255 255 255 255 255 255 255 255 255 255 255 255 255 255 255 255 255 255 255 255 
255 255 127 255 255 255 255 255 127 255 255 255 127 127 255 255 255 255 255 255 255 255 255 255 255 255 127 255 255 255 255 255 255 255 255 255 255 127 255 255 255 255 255 255 255 255 255 255 127 127 255 255 127 255 255 255 255 255 127 255 127 255 255 127 127 127 255 255 127 255 63 255 255 255 255 255 255 255 255 255 255 255 255 255 255 255 255 255 255 127 127 127 255 255 255 255 255 127 63 255 255 255 255 255 127 255 255 255 255 255 255 255 255 255 255 127 127 127 31 255 255 255 255 255 255 255 255 255 127 255 127 127 255 255 255 255 255 255 255 255 255 255 255 127 255 127 127 127 255 255 
255 255 127 255 255 255 127 127 255 127 255 255 255 255 255 255 255 127 127 0 127 255 255 255 255 255 127 255 255 255 255 127 255 255 255 255 255 255 255 255 255 255 255 255 255 255 255 255 255 255 255 255 255 255 255 255 255 255 255 127 255 255 255 255 255 255 127 255 255 255 127 255 255 127 255 255 255 255 255 255 255 255 255 127 255 127 127 255 255 255 255 255 255 127 255 255 255 255 255 255 255 255 255 255 255 255 255 255 127 255 255 255 127 127 255 255 255 255 255 255 255 63 255 127 127 255 255 255 255 255 255 255 255 255 255 127 127 127 255 255 255 127 255 255 255 255 255 127 127 63 
127 255 255 255 255 255 255 255 255 255 127 127 127 127 255 255 255 255 255 255 255 127 255 255 127 127 255 255 255 127 255 255 255 255 255 63 127 255 127 127 255 255 255 255 255 255 255 255 255 127 255 127 127 255 255 255 255 127 255 255 255 255 63 127 255 127 255 127 63 255 255 255 255 255 255 127 127 63 255 63 255 255 255 255 255 255 255 31 127 255 0 63 255 255 255 255 255 127 255 255 255 255 127 127 255 255 255 255 255 255 255 255 255 255 255 127 127 255 255 255 255 255 255 255 255 255 255 127 255 255 255 255 255 255 127 255 255 255 255 255 127 255 255 255 255 255 127 255 255 255 
255 255 255 127 255 127 127 255 255 255 255 255 255 255 255 255 255 255 255 255 255 255 255 255 255 255 255 255 255 127 255 255 255 255 255 255 255 255 255 255 127 255 127 127 255 255 255 127 255 255 255 255 255 255 255 255 127 127 255 255 255 255 255 255 255 255 255 255 127 255 127 255 255 255 255 255 255 255 255 127 255 127 127 127 127 255 255 255 255 255 255 255 63 255 127 127 255 127 127 255 255 255 127 255 255 255 255 255 255 127 127 0 63 255 255 255 255 255 255 255 63 255 63 127 255 255 255 255 255 127 255 255 255 255 127 127 127 255 255 255 255 255 255 255 255 255 255 127 127 127 
127 127 255 255 255 255 255 255 127 127 255 127 127 255 255 255 255 255 255 255 255 255 255 255 127 255 255 255 255 127 255 255 255 255 255 255 255 255 127 127 255 255 255 255 255 255 255 255 255 255 127 255 127 255 255 255 255 255 127 127 255 255 255 255 255 255 255 255 255 255 255 255 255 255 255 127 255 127 255 255 255 255 255 255 255 255 255 255 127 255 255 255 255 255 127 255 255 255 255 255 127 255 255 255 127 255 255 255 255 255 255 255 255 127 63 127 255 127 255 255 255 255 255 255 127 127 255 127 255 127 255 255 255 255 255 127 127 255 255 255 127 255 255 127 255 127 255 255 255 255 
127 127 255 127 127 255 255 255 255 255 255 127 255 255 255 255 127 127 255 255 255 255 255 255 255 255 255 255 127 63 127 255 127 127 255 255 255 255 255 255 255 63 127 63 127 255 127 127 255 255 255 255 127 255 255 127 127 255 127 255 255 255 255 127 255 255 255 255 127 255 255 127 255 127 255 255 255 255 255 255 255 127 255 255 255 255 255 255 255 255 127 255 255 255 255 127 255 255 255 127 255 255 255 255 255 255 255 255 255 127 127 255 127 255 127 255 255 255 255 255 127 255 255 127 255 255 255 255 255 255 255 255 255 255 127 255 255 255 255 255 255 255 255 255 255 255 255 255 127 255 
255 255 255 255 255 255 255 255 255 255 255 255 255 255 255 255 255 255 255 255 255 255 255 255 127 255 255 255 255 255 255 255 255 255 255 255 255 127 255 255 255 127 255 255 255 255 127 255 255 255 127 255 255 255 255 255 127 63 127 127 255 127 127 255 255 255 255 127 255 255 255 255 255 255 255 255 255 255 255 127 255 255 255 255 255 255 255 255 255 127 255 255 255 255 255 255 255 255 255 255 127 127 255 127 255 255 255 255 127 255 255 127 255 127 255 255 127 255 255 255 255 255 255 127 255 255 127 255 127 127 127 255 255 255 255 127 255 255 255 255 127 127 127 255 255 127 255 255 255 255 
255 255 255 127 255 127 255 255 255 255 255 127 255 255 255 255 255 255 255 255 255 255 127 127 255 255 255 255 255 255 255 255 127 255 255 255 255 255 255 255 255 255 255 127 255 255 255 255 255 255 255 255 255 255 255 255 255 255 255 255 255 255 255 255 255 255 255 255 255 255 255 127 255 255 255 255 255 255 255 255 127 255 255 255 255 255 255 255 255 255 255 255 255 255 127 255 127 255 255 255 127 255 255 255 255 255 255 127 127 127 127 255 255 255 255 255 255 255 255 255 255 127 255 255 255 255 255 127 255 255 255 255 255 127 127 127 255 255 255 127 127 255 255 255 127 255 127 127 127 127 
255 255 255 255 255 255 255 255 255 127 127 127 127 255 255 255 255 255 255 255 255 255 127 255 127 255 255 255 127 255 255 255 255 255 255 127 63 127 63 255 255 255 255 255 127 255 255 255 255 127 127 127 255 255 255 255 255 127 255 255 255 127 127 127 127 255 63 255 127 255 255 255 255 63 63 127 127 127 255 255 255 255 255 255 255 255 255 127 127 255 255 255 255 255 255 255 255 255 255 255 127 255 127 127 255 255 255 127 255 255 255 255 255 255 255 127 255 255 255 255 127 255 255 255 255 255 127 255 127 127 255 255 255 255 255 255 255 255 255 255 127 255 255 255 255 255 255 255 255 255 
255 255 255 127 255 255 255 255 255 255 255 127 255 255 255 127 255 255 127 255 255 255 255 255 255 255 255 255 127 255 127 127 255 255 127 255 255 255 127 255 255 255 127 255 255 255 255 255 255 255 255 255 255 255 127 127 127 127 255 127 255 255 255 255 255 255 255 127 127 255 127 255 255 255 255 255 255 255 255 255 255 127 127 255 255 255 255 255 255 255 63 255 255 127 127 127 255 255 255 255 255 255 255 255 255 255 127 127 63 127 255 255 255 255 255 255 255 255 255 127 127 255 127 255 255 255 255 127 255 255 255 255 127 127 127 127 255 255 255 255 255 255 255 255 255 127 127 127 127 255 
255 255 255 255 255 255 255 127 127 127 127 255 127 255 255 255 255 255 255 255 255 255 127 127 255 255 127 255 255 255 255 255 255 255 255 127 127 127 255 127 255 255 255 127 127 255 255 127 127 255 127 255 255 255 255 255 255 255 255 255 255 127 127 127 255 255 255 255 255 255 255 127 255 255 255 127 255 255 255 255 255 255 255 255 255 255 255 127 127 255 255 255 255 255 255 255 127 255 255 255 255 255 255 255 255 255 255 255 255 255 255 255 255 63 255 127 255 255 255 255 255 255 127 255 255 255 127 127 255 255 255 255 255 63 255 255 255 255 255 127 127 127 255 255 255 255 255 255 255 255 
255 255 63 255 255 127 255 255 255 255 255 127 255 255 255 127 127 127 255 255 255 255 255 255 127 255 255 255 127 255 127 255 255 255 127 255 255 255 255 255 255 127 255 127 127 255 255 255 255 255 255 127 255 255 127 127 255 127 255 255 63 255 255 255 255 255 255 255 127 127 255 255 127 31 255 255 127 255 255 255 63 127 255 255 255 255 255 255 255 255 255 255 255 255 255 255 255 255 255 127 255 255 255 255 255 255 127 255 255 255 255 255 255 255 255 255 255 255 255 255 127 255 255 255 255 127 255 255 255 255 255 255 127 255 255 255 255 127 255 255 255 255 255 255 255 255 255 255 255 255 
127 255 255 255 255 255 127 127 127 255 127 255 255 255 255 255 255 255 255 255 255 127 255 255 255 127 255 255 255 255 255 255 255 255 255 255 255 127 255 255 255 255 255 255 255 255 255 127 127 255 127 255 255 255 127 255 63 255 255 255 127 127 255 127 255 255 255 255 63 255 255 255 255 127 127 255 255 255 255 255 255 255 255 127 127 255 127 127 127 255 255 255 255 255 255 255 255 255 255 255 127 127 127 255 255 255 255 255 255 127 255 255 127 255 255 255 255 255 255 255 255 255 255 255 255 255 255 255 127 255 255 63 255 255 255 255 255 255 127 255 255 127 255 255 255 127 255 255 255 255 
255 255 255 255 127 255 255 255 255 255 255 255 255 255 255 255 127 127 255 255 255 255 255 255 255 255 255 127 255 127 127 255 255 127 127 255 127 255 255 255 127 255 255 127 255 255 255 255 255 255 255 255 255 127 255 127 255 255 127 255 255 255 255 255 255 255 255 255 255 127 255 255 127 255 255 127 255 255 255 255 127 127 127 255 255 255 255 255 255 255 255 255 255 255 255 127 255 255 255 127 255 255 255 127 255 127 127 255 127 255 255 255 255 255 255 255 255 255 255 255 255 255 255 255 255 127 255 255 0 255 255 255 127 127 255 255 255 255 255 127 255 255 255 255 255 255 63 127 255 255 
255 255 255 127 255 255 255 255 127 255 127 255 255 255 255 255 127 255 255 255 255 127 63 127 63 255 255 255 255 255 255 255 255 127 255 127 127 127 63 255 255 255 255 255 255 255 255 127 255 127 127 255 255 127 255 255 255 255 255 255 127 255 127 127 255 0 127 255 255 255 255 255 255 31 63 127 127 255 255 255 255 255 255 127 255 255 255 255 127 255 255 255 255 127 255 255 255 255 255 127 255 255 63 255 255 255 255 255 255 255 255 255 255 255 127 255 255 255 255 255 255 255 255 255 255 255 127 255 255 255 255 127 127 255 255 255 255 127 255 255 127 255 255 255 255 255 255 255 255 255 
255 255 255 255 127 255 255 255 255 255 255 255 255 255 127 127 255 127 255 255 255 255 255 255 255 255 255 127 255 127 255 255 255 255 255 127 255 255 127 127 127 127 127 255 255 255 255 255 255 255 255 255 255 127 127 127 255 127 255 255 255 255 255 255 255 255 127 63 127 127 255 255 255 255 255 255 255 255 127 127 63 127 255 255 255 255 255 255 255 255 255 255 127 127 127 127 127 255 255 255 255 255 255 63 255 255 63 255 127 255 255 255 255 255 255 255 255 255 255 127 31 255 255 255 255 255 255 255 255 255 255 127 127 127 63 0 127 255 255 255 255 255 255 255 255 63 255 127 31 255 
255 255 255 255 127 255 255 255 255 127 255 255 255 255 255 255 127 255 255 255 127 255 255 255 255 255 255 255 255 255 127 255 255 255 127 255 127 255 255 255 255 255 255 255 255 255 127 255 255 255 255 255 127 127 255 255 255 255 255 255 127 255 127 255 255 255 255 255 255 255 255 255 255 255 127 255 255 255 255 255 255 255 255 255 255 255 255 127 255 255 127 255 255 255 255 255 255 63 255 127 255 255 255 255 255 255 255 255 255 255 127 127 255 127 127 255 255 255 255 127 255 63 255 255 127 127 127 255 255 255 255 255 255 127 255 255 127 127 127 127 127 255 255 255 127 255 255 255 255 63 
127 127 127 255 255 255 255 255 255 255 255 255 255 127 255 127 127 255 255 255 255 255 255 255 63 255 255 127 255 255 255 255 127 255 255 127 255 255 63 255 127 127 255 255 255 255 255 255 255 255 255 255 255 127 63 127 255 255 255 255 255 255 255 255 255 255 127 255 127 127 255 255 255 255 255 255 255 255 255 255 255 127 255 255 255 255 255 255 127 255 255 255 127 255 255 255 255 255 255 255 255 255 127 255 127 255 255 255 127 255 255 255 255 255 255 127 255 255 255 127 255 127 255 255 255 255 127 127 255 255 255 255 127 255 127 255 255 255 255 255 255 255 255 255 255 255 127 255 255 255 
255 255 255 255 255 127 255 255 255 255 127 255 255 255 255 255 255 255 255 255 127 255 255 127 255 255 255 255 255 255 255 127 255 255 127 255 127 255 255 255 255 255 127 63 127 255 127 127 255 255 255 255 127 255 255 255 255 255 255 255 255 127 255 255 255 63 255 255 255 255 63 255 255 255 255 127 127 255 255 127 255 255 255 255 255 255 255 127 127 127 255 127 255 255 255 255 255 255 127 255 127 127 255 127 255 255 255 255 255 255 255 127 127 127 255 255 255 127 255 127 255 255 255 255 255 127 255 255 255 255 63 255 255 255 127 255 255 127 255 127 255 255 255 255 255 255 255 127 255 255 
255 255 255 255 255 255 127 255 255 255 255 255 255 255 255 255 255 255 127 127 255 255 255 255 255 255 255 127 255 255 255 255 255 255 127 255 255 127 255 255 255 127 127 255 255 255 255 255 255 255 255 255 255 255 255 255 255 255 255 255 127 255 255 255 255 255 255 127 127 255 255 255 255 255 255 255 255 255 255 255 255 255 255 255 255 63 63 127 255 255 255 127 255 255 255 255 255 255 255 255 255 255 255 255 127 255 127 255 255 255 255 255 255 255 255 255 255 127 255 127 127 255 255 255 255 255 255 255 255 255 255 255 127 63 255 255 255 255 255 255 255 255 127 255 127 127 127 255 255 255 
255 255 255 255 255 255 255 255 127 255 255 63 255 255 255 255 255 255 255 127 255 63 127 255 255 255 255 255 255 255 127 255 127 255 127 127 255 255 255 255 127 255 255 255 255 255 127 255 127 255 255 31 63 255 255 255 255 255 255 255 127 255 255 255 255 255 255 255 255 255 255 255 255 255 255 255 255 255 255 127 255 127 255 255 255 127 255 255 255 255 127 255 255 255 255 255 255 255 255 127 127 255 255 255 255 255 255 255 255 127 255 255 255 255 255 255 255 255 255 255 255 255 255 255 127 255 127 255 255 255 255 255 255 255 255 255 255 255 127 255 127 255 255 255 255 255 255 255 255 255 
127 255 255 255 255 255 255 255 255 255 255 255 255 255 127 127 255 255 255 255 255 255 255 255 255 255 63 127 127 127 255 255 255 255 255 127 255 255 255 127 127 255 127 255 255 255 255 127 255 255 255 255 127 127 127 127 255 255 255 255 255 255 255 255 255 63 127 127 127 255 255 255 255 255 255 255 127 255 127 127 255 127 255 255 255 255 255 255 255 127 63 127 127 127 63 127 255 255 255 255 255 255 255 255 127 127 127 127 255 255 255 255 255 255 255 127 255 127 127 127 127 255 255 127 255 255 255 255 127 255 63 127 127 63 63 255 255 255 255 255 255 255 255 255 127 255 255 255 255 255 
255 255 255 255 255 255 127 127 255 127 255 255 255 255 255 255 255 255 255 255 255 255 255 255 255 255 255 255 255 255 255 255 255 255 127 255 255 255 255 255 255 127 255 255 255 127 255 255 127 255 255 255 255 255 255 255 255 255 255 255 255 255 255 255 0 255 255 255 255 0 255 255 255 255 255 255 255 255 255 255 255 255 255 255 127 255 255 127 255 255 255 255 255 255 127 127 0 127 127 127 127 255 255 255 255 255 255 255 127 255 127 127 255 255 255 255 127 255 255 127 255 255 255 255 127 127 255 127 255 255 255 255 255 255 255 255 127 127 127 255 255 255 255 255 255 255 127 255 255 127 
255 127 127 255 255 255 255 127 255 255 255 255 255 127 255 127 255 255 255 255 255 255 255 255 255 255 127 127 127 127 255 255 255 255 127 255 255 255 127 127 127 127 255 255 255 127 127 255 255 255 255 127 127 255 127 127 255 255 255 255 255 255 255 255 255 255 127 255 255 255 255 255 255 255 255 255 255 255 255 255 255 255 255 255 255 255 255 255 255 255 255 127 255 255 255 255 255 255 255 255 255 255 255 127 255 255 255 255 255 255 255 255 127 127 255 255 255 255 0 255 255 255 255 255 255 255 255 255 127 255 255 127 255 255 255 255 255 255 127 255 255 127 255 127 255 255 255 255 255 255 
127 255 255 255 255 255 255 255 255 255 255 255 127 127 255 255 255 255 255 255 255 127 255 255 255 255 255 255 255 255 127 127 127 255 255 127 255 255 255 255 127 255 255 255 255 255 255 255 255 255 255 255 127 255 255 255 63 255 127 255 255 127 255 255 255 255 255 255 127 255 127 255 127 127 255 255 255 255 255 127 255 255 255 255 255 255 255 127 255 255 255 255 255 255 255 255 255 127 255 127 127 127 255 255 255 255 127 255 255 255 127 255 255 127 255 127 255 255 255 255 255 255 255 127 127 127 255 255 255 127 255 255 255 255 255 255 255 127 255 127 255 255 255 255 255 255 255 255 255 255 
255 127 255 255 127 255 255 255 255 255 255 255 0 255 127 127 127 255 255 255 255 255 255 255 255 255 255 255 127 255 255 255 255 255 255 255 255 255 127 255 255 255 255 127 255 127 255 255 255 255 255 255 255 127 255 127 255 255 255 255 255 255 255 255 255 127 255 255 127 255 255 255 255 255 255 255 255 255 255 255 127 255 255 127 255 255 255 255 255 255 255 127 127 255 255 255 255 255 255 255 255 255 255 127 255 255 255 255 255 255 255 63 255 255 255 255 127 255 127 255 127 255 255 255 255 255 255 255 255 255 127 255 63 255 255 255 255 255 255 255 255 255 127 127 255 255 255 255 255 127 
255 255 255 255 255 255 255 127 127 127 127 255 255 255 255 255 255 255 127 255 127 127 127 255 255 255 255 255 255 255 127 127 127 127 255 255 255 255 63 255 255 255 255 255 127 255 127 255 127 127 127 255 255 255 255 255 255 255 255 127 127 255 255 255 255 255 255 255 255 255 127 255 127 127 255 255 255 127 255 255 255 255 255 255 255 127 255 255 255 255 255 255 255 255 255 255 255 127 255 255 255 255 255 255 255 255 127 255 255 255 255 255 255 255 255 255 255 255 255 255 255 255 255 255 127 255 255 255 255 255 255 255 255 255 255 255 255 255 255 255 255 255 255 255 255 255 127 255 255 255 
255 127 255 255 127 255 255 255 255 255 127 255 127 127 127 255 255 255 255 255 255 255 255 255 255 127 127 255 127 255 255 255 255 255 255 255 255 255 127 127 127 255 255 255 255 255 255 255 255 255 255 127 127 127 127 255 127 255 255 255 255 127 255 255 127 127 127 255 255 255 255 255 255 255 255 255 255 255 127 127 255 127 255 255 255 255 255 255 255 255 127 255 63 255 255 255 255 255 255 255 127 255 127 127 255 127 127 255 255 255 255 255 255 255 255 255 127 127 127 127 63 255 255 255 255 255 255 255 255 127 127 127 255 255 255 127 255 255 255 127 255 127 127 255 127 127 255 255 255 127 
127 255 255 255 255 255 127 255 127 127 255 127 255 255 255 255 255 255 255 255 255 127 255 255 255 255 255 255 255 255 255 255 255 127 255 255 255 255 255 127 255 255 255 255 255 127 255 255 255 255 255 127 255 255 255 255 255 255 255 127 255 255 255 255 255 255 255 255 255 255 255 255 127 127 255 127 255 127 255 255 255 255 127 127 255 127 255 255 255 255 255 255 255 255 255 255 63 63 255 127 255 255 255 255 255 255 127 255 255 255 127 127 255 255 255 255 255 255 127 255 255 63 127 255 127 63 255 255 255 255 255 255 255 255 127 127 127 127 127 255 255 255 255 255 255 255 127 255 255 127 
127 255 255 255 255 255 255 255 255 255 255 127 127 127 255 255 255 255 255 255 255 255 127 255 63 127 127 127 255 255 255 255 255 127 255 255 0 127 127 127 127 255 255 255 255 255 255 255 127 255 255 63 255 255 255 255 255 255 255 255 255 255 255 255 255 127 255 255 255 255 255 255 255 255 255 255 127 127 127 127 255 255 255 255 255 255 255 255 255 255 255 127 255 255 255 255 255 255 255 255 255 0 127 255 255 127 255 255 255 255 127 255 255 255 255 127 255 127 255 127 255 255 255 255 255 255 255 255 255 255 127 255 255 0 255 255 255 255 255 127 255 255 127 255 255 255 255 255 127 255 
255 255 255 255 127 255 127 255 255 255 255 255 255 255 255 255 255 63 127 255 255 255 255 255 255 255 127 255 255 127 255 127 127 255 255 255 255 255 255 255 255 255 127 127 255 127 255 255 255 255 255 255 255 127 255 255 127 255 255 255 255 255 255 255 255 255 255 255 255 255 255 255 127 255 255 255 255 255 255 255 255 255 255 255 127 255 127 255 255 255 255 255 255 255 255 127 255 255 255 255 255 127 255 255 127 127 255 255 255 127 127 255 255 255 127 255 255 127 255 255 255 255 255 127 255 255 255 255 255 255 255 255 255 255 255 255 127 127 255 255 255 255 255 255 255 255 255 255 255 255 
255 255 255 127 255 255 255 255 255 255 255 255 127 255 127 255 255 255 255 127 255 127 255 255 127 255 127 255 255 255 255 127 255 255 255 255 255 255 255 127 255 255 255 255 255 255 255 255 255 255 127 255 127 255 255 255 255 255 127 255 127 255 127 255 255 255 127 255 255 255 255 255 63 255 255 255 255 127 255 255 255 255 255 63 255 255 255 127 255 127 127 255 255 255 255 255 255 255 255 255 255 255 127 127 255 255 255 255 255 255 255 127 255 255 255 127 127 127 63 255 127 255 255 255 63 255 255 255 255 255 127 127 255 255 255 255 255 255 127 255 255 127 255 127 127 255 127 255 255 127 
255 255 255 255 255 127 255 127 63 255 255 255 255 255 255 255 255 255 127 255 127 255 255 255 255 255 127 255 127 255 127 255 127 127 255 255 255 127 255 255 255 255 255 255 127 255 127 255 255 255 255 255 255 255 255 255 255 255 127 255 255 255 255 255 255 255 127 255 255 255 127 255 255 255 255 255 255 255 255 255 255 255 255 255 255 255 255 255 255 255 255 255 255 255 255 255 127 255 255 255 255 255 127 255 127 255 255 255 255 127 127 255 255 255 127 127 255 255 255 255 255 255 127 255 255 255 255 255 255 255 255 255 255 255 127 255 255 255 255 255 255 127 255 255 255 255 255 255 63 127 
127 255 255 255 255 255 255 255 255 255 255 255 127 255 127 255 255 255 127 255 255 127 127 255 255 127 127 255 255 127 255 255 127 255 255 255 127 63 127 127 255 255 255 255 255 255 255 255 255 255 63 63 255 127 255 255 255 255 255 255 255 255 127 255 127 127 255 255 255 255 127 255 255 255 255 63 127 127 127 255 255 63 255 255 255 255 127 255 127 127 127 127 255 255 255 255 255 255 255 255 255 127 127 127 127 255 255 255 127 255 255 255 255 255 127 127 255 63 127 255 255 255 255 255 255 255 255 127 255 255 255 255 255 255 255 255 255 255 255 255 127 255 127 127 255 255 127 255 255 255 
255 255 255 255 127 255 255 255 127 255 255 255 255 255 255 255 255 255 255 127 255 255 255 255 255 255 255 255 255 255 127 127 255 255 255 255 255 255 255 255 255 255 255 255 127 127 255 255 127 255 255 255 255 255 255 255 255 127 255 255 255 255 255 255 255 255 255 255 255 127 255 255 127 255 255 255 255 255 255 255 255 255 127 127 127 255 255 255 255 255 255 255 255 255 255 127 127 127 255 255 255 255 255 255 255 255 255 255 127 255 127 127 255 255 255 255 255 255 127 255 255 127 127 255 127 255 127 255 255 255 255 255 63 127 127 127 127 255 255 255 255 255 255 255 255 255 255 127 255 127 
127 255 255 255 255 255 255 255 255 255 63 127 63 127 255 255 255 255 255 255 255 255 255 127 63 255 127 255 255 255 255 127 255 255 255 255 255 127 127 127 127 255 255 255 255 255 255 255 255 255 255 127 127 255 255 255 255 255 255 255 127 255 255 255 255 255 255 255 255 255 255 255 255 255 255 255 255 255 255 127 255 255 255 255 255 255 255 255 255 255 255 255 255 255 255 255 255 255 255 127 255 255 127 255 127 255 255 255 255 127 255 255 255 255 255 127 255 127 255 255 255 255 255 255 255 255 63 255 127 255 255 255 255 255 255 255 255 127 255 255 127 127 255 127 255 255 255 127 255 255 
255 255 255 127 127 255 255 255 255 255 255 255 127 255 127 127 127 63 127 255 255 255 255 255 255 255 63 255 255 63 127 127 127 255 255 255 255 255 255 255 255 255 127 127 255 255 255 255 255 255 255 255 255 127 127 127 127 255 255 255 255 255 255 255 255 255 255 255 127 127 255 127 255 255 255 255 255 255 255 255 255 127 127 255 127 255 255 255 255 255 255 255 127 255 31 63 255 127 255 255 255 255 255 255 255 255 255 255 127 255 127 255 255 255 255 255 255 255 255 255 255 127 255 255 255 255 255 255 255 255 255 255 255 127 255 127 255 255 255 255 255 255 255 255 255 255 127 255 255 255 
255 255 127 255 127 255 255 255 255 127 255 255 255 255 255 127 255 255 255 255 255 255 255 127 127 255 255 255 255 255 255 255 127 255 255 127 255 255 255 255 255 255 255 255 255 255 255 255 255 127 255 255 255 255 255 255 255 255 127 255 63 255 255 255 255 255 255 255 255 127 255 255 255 255 255 255 255 255 255 255 255 255 255 255 255 255 63 255 255 255 255 255 255 255 255 255 255 63 255 63 255 255 127 127 127 255 255 255 255 255 127 255 255 255 255 255 127 255 255 255 255 255 255 127 255 255 255 127 255 127 127 255 255 255 255 255 255 127 255 255 255 127 255 127 127 255 255 255 255 255 
255 255 255 255 127 127 127 255 255 255 255 255 255 255 255 255 255 255 127 127 255 255 255 255 127 255 255 255 255 127 127 255 127 255 255 63 255 255 255 255 255 255 255 127 255 127 255 255 255 255 255 255 255 127 255 255 127 255 255 255 255 255 127 127 255 255 255 255 255 255 127 127 255 255 255 255 255 255 255 255 255 255 255 255 127 255 255 255 255 127 255 255 255 255 127 255 255 255 255 255 255 255 255 255 255 255 255 255 255 255 127 255 255 255 255 255 255 255 255 255 255 255 255 127 255 255 255 255 255 255 255 255 255 127 255 127 127 255 255 255 127 127 255 255 255 255 255 255 255 127 
255 255 255 255 255 255 255 255 255 255 255 255 127 255 255 255 255 255 255 255 255 255 255 255 127 255 255 255 255 255 255 255 255 255 255 255 127 127 127 255 255 255 255 255 255 255 255 255 255 127 127 127 255 255 255 255 255 255 127 255 255 127 127 255 63 255 255 255 255 255 255 255 255 255 255 127 63 127 63 255 255 255 255 255 127 255 255 255 127 127 255 255 255 255 255 255 255 255 255 255 127 63 255 127 255 127 63 255 255 255 255 255 255 255 127 255 127 255 255 255 255 255 255 255 127 255 255 255 127 255 255 255 255 255 255 255 255 255 255 127 255 255 127 255 255 255 255 255 255 255 
255 255 255 255 255 127 255 255 255 255 255 255 255 255 255 255 127 127 255 255 255 255 255 127 255 127 255 255 255 255 255 255 255 127 255 255 255 255 255 255 255 127 255 255 255 255 255 255 255 255 255 255 255 63 127 255 127 127 255 255 255 255 255 127 127 255 255 255 127 255 127 255 127 255 255 255 255 255 255 255 127 127 63 255 127 255 255 255 255 255 127 255 127 127 127 255 127 255 255 127 255 255 255 127 255 255 255 127 127 255 63 255 255 255 255 255 255 255 255 127 127 63 127 255 255 255 255 255 255 255 255 127 255 127 127 127 255 255 255 127 255 255 255 255 255 255 127 127 255 127 
255 255 255 255 255 255 255 63 63 255 127 255 127 255 255 255 255 255 255 127 255 255 255 255 127 255 255 255 127 255 255 255 255 255 255 255 255 127 255 127 255 255 255 127 255 255 255 255 255 127 255 127 255 255 255 255 255 255 255 255 255 127 127 255 255 255 255 255 255 255 255 255 255 255 255 255 127 127 255 255 255 255 255 255 255 255 255 255 255 127 255 255 255 255 255 255 255 255 255 255 255 255 255 255 255 255 255 255 255 255 127 255 255 255 255 127 255 255 255 255 255 255 127 255 127 255 63 127 255 255 255 255 255 255 255 63 255 255 255 127 127 255 127 255 255 255 255 255 255 255 
255 255 127 127 255 255 255 255 255 255 255 255 127 255 255 127 127 127 127 255 255 255 255 255 127 127 255 255 127 127 127 127 255 255 255 255 255 255 255 127 255 255 127 0 127 255 255 255 255 255 255 255 127 255 127 255 127 255 255 255 255 255 255 255 255 255 255 63 255 255 127 255 255 255 255 255 255 255 255 255 255 127 255 127 127 255 127 255 127 255 255 255 255 127 63 255 127 255 255 255 255 255 255 255 255 255 127 255 127 255 255 255 255 255 255 255 255 255 255 255 127 255 255 255 255 255 255 255 255 255 255 255 255 255 255 255 255 255 255 127 255 255 255 255 255 127 255 127 255 127 
255 255 255 255 255 255 255 255 255 255 255 127 255 255 255 255 255 255 255 127 255 127 255 255 255 255 255 255 127 255 255 255 255 255 255 127 255 255 255 255 255 255 255 255 255 255 127 127 255 255 255 127 255 255 255 63 255 127 255 255 127 127 127 255 255 255 127 255 127 255 255 255 255 255 255 127 255 255 255 255 255 255 255 255 255 63 127 255 255 127 255 255 255 255 255 127 255 255 255 127 63 127 127 255 255 255 255 255 127 255 255 255 255 127 255 255 255 255 255 255 255 127 255 255 63 127 255 127 127 255 255 255 255 255 255 255 255 255 127 255 127 127 127 255 127 255 255 255 255 255 
255 127 127 255 127 255 255 127 255 255 255 255 255 255 255 255 255 127 255 255 255 31 255 127 255 255 255 255 255 255 255 255 255 127 255 255 255 255 255 255 255 255 255 127 255 255 255 255 255 255 127 255 127 255 255 255 255 255 255 255 255 255 255 255 255 255 127 255 255 127 127 255 255 255 255 255 255 255 255 255 127 255 255 255 255 255 255 255 127 255 255 127 255 255 127 255 127 255 127 63 127 255 255 255 255 255 127 255 127 127 127 255 255 255 255 255 255 255 127 255 255 255 255 255 255 255 255 255 255 255 255 255 127 255 255 127 255 255 255 127 255 255 255 255 255 127 255 255 127 255 
255 255 255 255 255 255 255 255 127 255 127 127 255 255 255 127 255 255 127 255 255 255 255 127 127 127 255 255 255 255 255 255 255 255 255 255 127 63 255 255 255 255 255 255 255 255 255 255 255 255 127 255 255 255 127 255 255 255 255 255 127 127 127 255 127 255 255 255 255 255 255 255 255 255 127 63 127 255 255 255 255 255 255 255 127 255 255 127 255 63 255 255 255 127 255 255 255 255 255 255 255 255 255 127 255 255 255 255 255 255 255 255 255 255 255 127 255 255 255 255 255 255 255 255 255 255 255 127 127 255 255 255 255 127 127 255 255 255 255 255 127 127 255 255 255 255 255 255 255 255 
255 255 255 255 127 255 255 255 255 255 255 255 255 255 127 255 255 127 255 255 255 255 255 255 255 255 255 255 255 255 255 255 255 255 255 255 255 255 255 255 255 255 255 255 255 255 255 255 127 127 255 255 255 127 255 255 127 255 255 255 255 255 255 255 255 255 127 127 255 255 255 255 255 255 255 255 255 255 255 127 127 127 255 255 255 255 255 255 127 127 255 255 127 127 127 255 255 255 255 255 255 255 255 255 255 127 127 127 63 255 255 255 255 255 255 255 255 127 63 127 255 127 255 255 255 255 255 255 255 255 255 255 63 127 255 255 255 255 255 255 255 255 255 255 127 127 63 255 127 255 
127 127 255 255 255 255 255 127 127 255 127 255 255 255 255 127 255 255 255 255 255 127 255 127 255 255 255 255 255 255 255 255 255 255 127 255 255 255 255 255 255 255 255 255 255 255 255 255 255 255 255 255 255 255 127 255 255 255 255 127 127 255 127 255 127 255 255 255 255 255 255 255 255 127 127 255 255 255 255 255 255 255 255 255 255 255 255 127 255 255 255 255 255 255 255 255 255 255 255 255 255 127 255 255 255 255 255 255 255 127 255 255 127 255 255 255 255 255 255 255 255 255 127 255 255 127 127 127 255 255 255 255 255 255 127 255 255 255 255 127 255 127 255 255 255 255 255 255 255 255 
255 127 127 127 255 255 255 255 255 255 255 255 127 255 127 127 255 255 255 255 255 255 255 255 255 255 255 255 127 127 255 127 255 255 255 255 255 255 255 127 127 255 127 127 255 255 255 255 255 255 255 255 255 127 255 127 255 255 127 255 255 255 255 255 255 255 255 127 127 31 255 255 255 255 255 255 255 255 255 127 127 127 255 255 255 255 255 127 255 255 255 255 127 255 255 255 255 255 127 255 255 255 255 255 255 255 255 255 127 255 255 255 255 255 255 255 255 255 127 255 255 255 255 255 255 255 255 255 127 255 255 255 127 255 255 255 127 255 255 255 255 255 255 255 255 127 255 255 255 255 
255 255 255 255 255 255 255 255 255 255 255 255 255 255 255 255 255 127 255 255 255 255 255 255 255 255 255 255 255 255 255 127 255 255 255 127 255 255 255 255 255 255 127 127 63 127 127 127 255 127 255 255 255 255 255 127 255 255 255 255 127 127 255 255 255 255 255 255 255 255 255 255 127 127 127 255 255 255 255 255 255 255 127 127 255 127 255 255 127 255 255 255 255 255 255 255 255 255 127 255 255 255 255 255 255 255 255 255 255 127 255 127 255 255 255 255 255 255 255 255 255 255 255 255 127 127 255 127 255 255 255 255 127 255 255 255 255 127 255 255 127 255 255 255 255 255 255 255 255 63 
0 63 255 127 255 255 255 255 255 255 127 255 255 127 255 255 255 255 127 255 255 255 255 255 255 255 255 127 127 255 255 255 255 255 255 255 127 255 255 255 255 127 255 255 255 255 127 255 255 255 255 255 127 255 255 127 255 255 127 255 255 255 255 255 255 255 255 255 127 255 255 255 255 255 255 255 255 255 127 255 255 255 255 255 255 255 127 255 255 255 255 127 255 255 255 255 255 255 255 255 255 255 127 255 255 255 127 255 255 255 255 255 255 255 255 63 255 127 127 255 255 255 255 255 255 127 127 255 255 255 255 127 255 255 255 255 255 255 255 255 255 255 255 255 255 127 255 255 255 255 
255 255 255 255 255 255 255 127 127 127 255 255 255 255 255 255 255 255 255 255 127 255 127 127 255 255 255 255 255 255 255 255 255 255 255 127 127 127 255 255 255 255 255 255 255 255 255 127 127 255 255 255 255 255 255 255 255 255 255 127 255 127 127 255 127 255 255 255 255 255 255 255 255 255 127 127 255 255 255 255 255 255 255 255 255 255 255 127 255 255 255 255 255 127 255 255 255 255 255 127 255 255 255 255 255 255 255 255 255 255 255 255 255 127 255 127 255 255 255 255 127 255 255 255 255 255 127 127 255 127 127 255 255 255 255 255 255 255 127 255 127 255 255 255 255 255 255 255 255 255 
255 255 255 127 127 255 255 255 255 255 255 255 255 255 127 255 255 255 255 255 255 255 255 255 255 127 127 127 127 255 255 255 127 255 255 255 255 255 127 127 127 127 255 255 255 255 255 255 127 127 255 255 127 127 255 127 255 255 127 255 127 255 255 255 255 127 127 127 127 255 255 255 255 255 255 255 127 255 127 127 127 127 255 255 255 255 255 255 255 255 255 127 255 127 127 255 255 255 255 255 255 255 255 255 127 127 127 127 127 255 255 255 255 255 127 255 255 127 127 127 255 255 255 255 127 255 255 255 255 255 127 127 127 127 255 127 255 255 255 255 255 255 255 63 31 127 127 255 255 255 
255 255 255 255 127 255 255 127 127 255 255 255 255 255 255 255 255 255 255 255 127 127 127 255 127 255 255 255 255 127 255 255 127 255 127 127 255 255 255 255 255 255 255 127 255 0 127 127 255 255 255 255 127 255 255 255 255 255 255 127 255 255 255 255 255 127 255 255 255 255 255 127 255 127 255 255 255 255 255 255 127 255 255 255 127 127 255 255 255 255 255 255 127 127 255 255 255 255 127 127 255 255 255 255 255 255 255 127 255 63 127 255 127 255 255 255 255 255 255 127 255 127 255 127 127 255 127 255 127 255 127 255 255 255 127 255 127 127 127 255 255 255 255 255 255 255 255 255 255 127 
127 127 127 255 127 255 255 255 255 255 255 255 127 127 127 127 255 255 255 127 255 255 255 255 255 127 127 127 127 255 255 255 255 255 255 255 127 63 255 127 127 255 255 255 255 255 255 255 255 255 255 255 127 127 255 255 127 255 255 255 255 255 255 255 255 255 255 127 127 255 255 255 255 255 255 255 255 255 127 127 127 255 255 255 255 255 255 255 255 255 255 127 127 127 255 127 127 255 255 255 255 255 255 255 255 255 255 127 255 255 255 255 255 255 255 255 255 255 127 255 255 255 255 255 255 127 127 255 255 255 255 127 255 127 255 255 255 255 255 255 255 255 255 255 127 127 255 255 255 255 
255 255 255 255 255 255 255 255 255 255 255 255 127 255 255 255 255 255 255 255 255 127 255 255 255 255 255 255 255 127 255 255 127 255 255 255 255 255 255 255 255 127 255 255 255 255 127 255 255 255 255 255 255 255 255 255 255 255 127 255 255 255 255 255 255 255 255 255 255 255 255 127 255 255 127 255 255 255 255 255 255 255 255 255 127 255 255 127 255 255 255 255 255 255 255 255 255 127 255 127 255 255 255 255 255 255 255 255 127 255 63 255 127 255 255 255 255 255 255 127 127 255 255 255 127 255 127 255 255 255 255 255 255 255 255 255 255 255 127 255 255 255 255 255 255 255 255 255 255 255 
127 127 127 255 255 31 255 255 255 255 255 255 255 127 255 255 255 255 255 255 255 255 255 255 255 255 255 255 127 255 255 255 255 255 255 255 255 255 255 255 255 255 255 255 127 255 255 255 255 255 255 255 127 255 255 127 255 127 255 255 255 255 255 255 255 255 127 255 255 255 255 255 255 255 255 255 255 127 255 127 255 255 255 255 255 127 255 63 255 255 255 255 255 127 255 255 255 255 255 255 255 255 255 255 127 255 255 255 255 255 255 255 255 255 63 255 255 255 127 255 255 255 255 127 255 255 255 255 255 127 127 255 255 255 255 255 255 255 255 255 255 255 255 255 127 255 255 255 255 255 
255 255 255 255 127 127 127 255 255 255 255 255 255 255 255 255 255 255 255 255 127 255 127 255 255 255 255 255 255 255 255 255 127 255 127 255 255 255 255 255 255 255 127 255 127 127 255 127 255 255 127 255 255 255 255 255 255 255 127 127 255 255 255 255 255 255 255 255 255 255 255 255 127 127 255 255 255 255 255 255 255 255 255 255 255 255 255 255 255 255 255 255 255 255 255 255 255 255 255 255 127 255 255 255 255 255 255 255 255 255 127 255 127 255 255 255 255 255 255 127 255 255 255 255 255 255 255 255 127 255 255 255 255 255 255 255 127 255 127 255 255 255 255 255 255 255 255 255 127 255 
127 255 255 255 255 255 255 127 127 255 255 255 255 127 255 255 255 255 255 127 255 255 127 255 255 127 255 127 255 255 255 255 255 255 255 127 255 255 255 255 255 255 255 255 255 255 127 255 255 255 255 127 127 255 255 255 255 255 255 255 255 255 255 255 127 255 127 255 255 255 255 255 255 255 127 255 255 255 127 127 127 255 255 255 255 127 255 255 255 255 127 127 255 127 255 255 255 255 255 255 255 255 255 127 63 127 127 255 255 255 255 255 255 255 255 255 127 255 127 127 255 63 255 255 255 255 255 255 255 127 127 255 127 127 255 255 255 255 255 0 0 127 127 63 127 127 255 255 255 255 
255 127 255 255 255 255 255 255 127 255 255 255 255 255 255 255 255 255 255 255 255 127 255 255 255 255 255 255 255 255 255 255 255 255 255 255 255 255 255 255 255 255 255 255 255 255 255 127 255 127 255 255 255 255 255 255 127 255 127 255 127 255 255 255 255 255 255 255 255 255 255 127 255 127 255 127 127 255 255 255 255 255 255 255 127 127 255 255 255 255 255 255 255 255 127 255 127 255 255 127 255 127 255 255 255 255 255 0 255 63 255 127 255 255 255 255 255 127 255 255 255 255 127 127 255 255 255 255 255 255 255 255 255 255 255 127 255 127 127 255 127 255 255 255 255 255 127 255 127 127 
127 63 255 255 255 255 255 255 255 255 255 127 127 127 127 255 255 255 255 255 255 255 255 255 255 127 127 127 255 255 255 255 255 255 255 255 63 127 127 127 127 255 255 255 255 255 255 255 255 255 63 127 255 127 255 255 255 255 255 255 255 127 127 255 127 255 255 255 255 255 255 255 127 255 255 255 127 255 255 255 255 255 255 255 255 255 255 255 255 127 255 127 255 127 255 255 255 255 255 255 255 255 127 127 255 127 255 255 255 255 255 255 255 255 255 255 255 255 127 255 255 255 255 255 255 255 255 255 127 255 255 255 255 255 255 255 255 255 255 255 255 255 255 255 127 255 255 255 255 255 
255 255 127 255 255 255 255 255 255 255 255 255 255 255 255 255 255 255 255 255 255 127 127 127 255 255 255 255 255 255 127 255 255 255 127 255 255 255 255 127 255 127 255 255 127 127 255 127 255 255 255 255 255 255 255 255 255 127 127 255 255 255 255 255 255 255 255 255 127 63 255 63 127 255 255 255 255 255 255 127 255 255 255 127 127 127 255 255 255 255 255 255 255 255 63 255 127 127 127 255 255 255 255 255 255 255 255 255 255 127 127 127 255 255 255 255 127 255 255 255 255 255 255 255 127 255 255 255 255 255 255 255 255 255 255 63 255 127 127 127 255 255 255 255 127 255 255 255 255 255 
255 255 255 255 255 127 255 255 255 255 255 127 255 255 255 255 255 255 255 255 255 255 255 255 255 255 255 127 255 255 255 255 255 127 255 255 255 255 255 127 255 255 255 255 127 255 255 255 255 255 255 127 255 255 255 255 255 255 255 255 127 255 127 255 255 255 127 127 127 255 255 255 127 255 255 255 255 255 255 127 255 255 127 255 255 255 255 255 255 127 255 255 127 255 255 255 255 255 255 255 255 127 255 255 127 255 255 255 255 127 255 255 255 255 255 127 255 127 255 255 255 255 255 255 255 255 255 255 127 255 255 255 255 255 255 255 255 255 255 255 255 255 255 127 127 255 255 255 255 255 
255 255 255 255 127 127 127 127 255 255 255 255 255 255 255 255 255 127 127 255 127 255 255 255 255 255 255 255 255 127 127 127 255 127 255 255 255 255 255 255 255 255 255 127 255 127 255 127 127 255 255 255 255 255 255 255 127 127 127 127 255 63 127 255 127 255 255 127 255 255 255 255 255 255 255 127 127 255 255 255 255 255 255 255 255 127 255 255 127 255 255 255 255 255 255 255 255 127 255 0 255 255 255 255 255 127 255 255 255 255 127 255 255 255 255 127 255 127 255 255 255 255 255 255 127 255 255 255 255 255 255 255 255 255 127 255 255 255 255 255 255 255 127 255 255 127 255 255 255 255 
